44
52
95
71
96
171
115
72
37
40
47
76
58
180
80
52
74
111
56
72
74
138
15
81
40
33
35
63
105
58
68
50
35
30
31
59
45
37
47
36
60
91
75
14
106
48
73
51
59
15
17
69
26
40
51
43
48
67
126
53
55
71
216
125
170
91
36
9
48
64
18
18
8
31
93
22
24
25
23
44
72
113
233
141
132
39
218
139
33
71
29
31
44
87
44
48
120
25
25
29
41
29
23
52
33
146
142
221
43
5
11
8
21
87
142
131
83
20
32
14
19
234
27
36
44
29
35
28
146
164
37
60
63
108
25
38
29
85
32
40
41
83
141
51
15
71
30
50
20
30
39
46
69
52
54
78
23
79
49
38
347
43
64
52
48
119
177
70
77
119
98
45
92
83
73
11
35
54
36
55
83
61
47
173
80
22
31
54
41
76
34
62
23
28
46
37
35
37
38
51
36
57
7
39
37
31
61
30
53
85
86
154
121
48
53
92
29
24
68
18
18
61
72
58
15
30
63
20
22
33
23
64
91
66
51
24
52
31
45
11
22
23
34
53
28
53
19
17
26
168
35
38
121
42
84
65
129
19
59
31
23
50
28
64
38
39
33
20
37
84
15
70
49
31
23
36
11
23
56
10
122
61
137
142
44
89
46
22
40
8
83
29
38
22
25
85
73
19
16
25
76
131
24
103
31
62
50
24
41
46
31
36
29
19
52
8
47
24
61
12
50
57
28
36
19
29
42
33
21
98
11
24
28
135
21
26
37
40
63
60
107
13
74
22
19
28
29
26
4
24
25
62
28
43
12
54
51
47
55
34
30
50
70
57
9
92
106
84
47
8
36
88
31
46
22
67
51
139
26
54
42
35
5
7
16
24
8
41
29
45
47
21
22
84
34
42
14
38
4
18
39
51
10
20
84
124
30
27
56
86
11
106
70
30
12
4
3
65
30
101
138
52
45
41
134
37
60
57
29
34
54
25
7
25
185
16
3
41
84
3
71
55
28
55
33
29
27
32
41
1
74
13
42
34
9
64
4
29
49
73
54
26
32
3
49
17
53
24
21
19
26
14
7
110
82
2
8
13
42
6
46
46
47
46
22
30
74
17
11
37
43
21
30
86
116
80
25
17
86
51
21
14
25
12
44
13
63
7
34
55
22
24
6
56
12
45
15
14
73
23
55
16
3
19
1
45
63
19
12
37
10
53
21
157
5
10
14
46
11
8
9
22
18
43
30
25
101
30
36
81
27
20
43
10
13
16
10
18
12
10
55
1
32
21
34
12
22
6
30
41
21
20
26
21
4
11
19
13
1
22
2
32
18
1
4
13
25
16
24
26
29
10
35
42
6
1
7
18
9
14
13
38
26
1
8
4
1
33
30
6
18
26
56
13
6
62
6
6
15
8
4
17
1
12
11
6
1
16
8
4
4
4
5
2
3
11
3
5
26
7
19
20
21
13
17
7
5
14
2
12
1
19
7
2
38
32
11
1
2
3
2
45
20
20
13
29
24
30
1
8
2
30
15
3
20
2
4
2
16
20
1
24
3
10
2
48
10
7
1
4
22
2
2
5
9
29
9
8
29
26
30
1
2
2
3
9
12
40
20
3
20
2
4
3
25
5
3
11
6
15
25
7
4
14
2
13
20
4
16
8
14
2
2
15
14
7
7
3
36
6
4
7
5
5
2
9
2
39
34
5
1
7
5
21
28
1
26
5
15
2
4
1
1
3
9
20
5
6
15
3
1
8
2
3
1
1
30
21
5
3
1
3
3
8
3
4
11
1
3
11
1
6
1
5
2
1
4
7
2
7
6
2
7
20
12
4
7
6
2
49
17
8
62
24
5
19
23
7
13
5
130
2
22
25
1
4
27
1
29
4
1
1
27
9
1
7
6
3
2
2
18
9
2
2
3
32
3
29
3
8
2
16
6
1
7
5
68
4
1
74
24
1
1
1
1
11
3
4
2
6
3
1
13
2
3
1
1
9
4
1
32
1
2
12
3
5
11
5
1
4
3
2
23
2
1
3
32
1
4
1
27
1
1
3
1
10
5
14
28
8
1
3
5
21
23
1
1
27
28
13
2
11
25
6
11
19
15
13
1
14
16
17
99
18
4
5
27
9
1
3
2
1
2
1
1
5
1
10
1
25
45
11
8
16
7
9
15
10
3
1
1
1
2
42
5
1
2
5
4
2
6
97
2
1
7
1
27
4
5
7
12
27
1
3
3
1
3
12
2
4
20
4
3
1
1
1
1
3
1
1
6
10
1
1
1
