8
227
284
309
289
346
53
110
1
81
175
171
274
117
42
326
205
47
135
141
209
136
288
201
26
79
172
216
144
169
131
185
81
260
143
105
267
412
217
202
112
157
179
123
47
81
74
56
129
146
140
296
75
131
270
83
432
169
56
328
135
61
144
235
64
67
77
282
169
72
278
55
44
61
161
33
155
118
197
122
162
154
152
45
171
134
175
126
50
129
43
259
505
216
271
83
232
176
194
105
128
115
167
203
284
147
150
147
134
346
149
153
130
95
118
285
247
99
141
234
223
155
96
264
107
149
218
197
134
241
241
112
164
271
172
132
198
184
194
122
210
119
196
53
66
279
341
195
173
131
186
163
284
98
128
180
142
91
130
158
194
172
228
127
155
145
117
152
98
106
92
299
182
147
136
171
320
209
110
143
177
189
218
175
245
358
77
115
154
257
129
200
277
74
144
208
118
225
211
250
75
207
48
232
155
313
167
260
148
216
216
70
162
168
106
402
153
176
299
162
199
273
193
68
97
129
37
81
115
236
153
329
174
88
131
410
357
81
137
256
35
171
158
204
199
92
164
160
172
133
298
87
385
187
117
83
130
183
401
75
97
106
200
235
114
412
357
119
197
180
176
153
5
137
221
221
88
205
95
216
186
132
241
123
195
85
199
110
36
97
193
187
65
167
57
73
226
132
95
104
216
362
78
66
148
89
61
39
85
261
143
246
144
100
99
93
189
143
160
116
73
36
141
85
109
151
149
277
181
34
60
79
58
79
92
122
78
195
228
11
69
163
150
158
37
312
101
108
152
24
113
219
242
221
243
139
105
130
212
266
263
67
129
318
153
180
142
145
230
96
256
179
34
111
491
135
181
116
268
73
117
257
210
47
434
267
60
170
107
60
261
94
109
207
215
60
75
144
95
158
162
230
77
66
141
119
174
184
252
70
236
167
143
161
207
87
193
187
100
193
216
130
283
206
184
125
156
150
151
303
338
126
233
72
194
60
249
24
106
94
210
156
159
109
138
159
158
53
189
31
51
247
126
157
151
103
151
225
160
93
139
191
163
61
93
102
103
122
192
66
60
157
39
101
128
79
130
45
21
85
89
15
97
66
298
205
149
105
137
108
261
71
80
116
110
213
231
105
105
103
138
75
53
182
34
64
112
352
145
93
85
186
138
333
40
146
91
95
89
42
176
184
206
191
103
49
115
150
72
53
58
107
288
47
289
218
215
109
92
137
328
19
150
60
234
76
195
176
93
73
132
139
64
150
153
102
154
71
201
61
29
140
186
104
84
36
50
214
49
93
13
210
193
311
126
92
66
194
47
150
179
181
128
276
227
175
207
76
214
260
196
144
211
104
180
384
105
128
131
236
79
111
117
147
105
115
90
113
96
199
202
403
367
246
136
180
201
492
218
345
140
167
259
333
312
78
170
243
119
183
389
157
51
188
128
220
167
218
188
244
144
185
136
146
215
124
153
238
84
111
72
192
237
203
98
78
87
33
196
129
210
307
116
208
126
190
102
124
102
90
81
169
265
73
95
135
92
278
93
99
158
229
277
79
159
97
41
242
328
49
158
30
97
57
60
166
194
95
139
28
394
374
210
50
63
89
299
71
200
70
96
96
124
144
134
11
210
628
91
65
123
378
164
94
137
101
101
327
208
138
88
351
270
184
142
224
211
201
215
312
122
169
55
130
150
128
181
329
81
212
426
137
247
51
49
235
68
70
121
62
177
46
328
115
197
328
323
159
106
193
92
103
23
114
372
145
268
81
124
102
192
23
134
343
192
61
295
124
154
108
76
191
91
77
212
32
261
29
75
72
88
108
26
92
32
30
226
150
15
58
87
15
50
53
90
20
5
80
30
3
1
4
25
106
61
53
195
17
11
228
40
45
1
124
243
149
80
172
291
278
227
71
192
157
201
81
230
191
35
401
232
202
122
130
148
139
249
364
78
338
81
241
117
160
98
265
103
81
317
86
61
192
292
133
83
166
65
94
233
65
347
157
77
130
121
170
181
143
188
422
86
187
244
147
91
83
256
116
169
96
120
72
135
152
74
54
61
138
308
60
72
114
357
127
58
78
86
178
102
137
71
271
26
127
142
121
44
250
89
103
250
418
119
12
235
104
198
227
302
199
216
59
138
60
96
137
197
289
341
176
55
60
71
163
144
61
140
32
71
69
59
151
75
40
221
175
162
85
136
113
197
22
94
67
59
136
260
127
284
131
127
55
77
166
64
83
121
229
172
319
113
144
312
87
69
141
66
231
207
307
79
205
170
179
86
28
42
84
330
26
134
87
54
406
191
87
82
110
93
102
143
118
342
148
125
123
46
97
207
127
100
242
217
299
142
84
401
190
157
185
162
128
171
96
107
167
191
44
116
135
159
82
157
91
206
105
75
86
100
202
289
330
195
90
66
83
61
102
99
110
158
182
89
35
60
142
94
67
68
11
9
176
335
139
170
134
327
563
75
57
177
390
182
37
191
326
40
280
170
144
246
239
244
132
319
83
123
242
144
225
154
213
309
239
100
188
204
204
161
293
159
123
193
314
208
103
96
149
114
204
204
295
172
146
175
101
139
161
41
138
210
95
141
221
140
176
84
112
173
335
119
37
232
367
189
175
67
246
80
214
89
172
121
212
223
200
145
99
180
183
223
253
94
122
102
188
96
302
228
268
217
60
126
336
177
66
174
92
75
122
126
144
140
101
112
69
137
140
128
91
124
122
174
79
270
86
134
65
290
224
354
130
81
113
49
132
164
105
310
94
124
184
53
192
175
211
74
141
181
72
131
305
107
47
109
236
91
190
257
76
52
176
189
192
106
208
66
152
161
92
74
38
17
100
119
213
68
180
113
131
111
346
86
269
82
53
271
52
177
100
72
53
88
131
118
86
126
191
284
99
142
120
173
95
101
8
198
197
235
98
86
68
26
125
103
125
75
98
249
48
310
67
24
217
132
79
131
13
14
50
91
84
192
266
178
251
190
247
162
165
141
8
107
52
88
289
260
200
66
161
31
127
108
203
104
31
76
111
150
97
64
114
126
221
78
22
131
27
20
66
292
98
24
34
1
112
61
112
151
89
78
208
134
141
65
247
103
95
128
114
127
169
80
245
66
205
45
63
281
35
52
44
128
118
86
128
89
97
172
126
60
120
67
37
119
105
134
83
44
209
70
14
148
218
63
60
118
204
154
149
218
165
187
219
93
125
34
243
198
39
58
205
163
63
143
46
105
216
106
163
123
62
118
63
44
74
50
92
137
42
234
222
203
67
66
32
195
200
116
232
145
278
223
313
193
115
253
127
247
120
279
213
164
98
213
84
178
127
342
162
285
234
103
406
155
231
188
114
115
575
128
197
251
142
178
176
326
172
261
196
127
169
114
156
86
121
298
160
234
411
239
364
54
258
361
203
101
274
175
127
153
41
115
237
164
95
205
75
172
153
43
54
86
70
120
49
234
153
77
380
343
191
360
228
222
88
197
216
218
246
363
175
30
158
153
102
8
205
129
95
49
128
30
170
27
104
219
159
128
238
144
219
105
148
198
105
143
180
57
145
81
174
146
124
335
155
94
195
125
141
130
100
102
198
59
131
156
116
91
115
214
126
162
438
132
154
151
294
84
231
307
248
81
245
143
162
104
63
201
152
92
97
177
140
125
158
54
165
76
77
242
56
60
125
65
102
203
45
64
40
178
109
123
87
130
166
229
58
341
98
44
25
6
45
32
27
121
67
336
179
146
121
93
170
194
77
273
64
109
174
56
161
98
167
70
154
148
163
15
166
224
59
103
73
20
29
185
256
180
74
203
51
187
109
177
18
208
126
234
186
124
407
146
165
141
63
246
160
112
39
39
77
41
47
119
83
69
87
187
120
112
147
36
96
123
208
171
15
84
62
371
122
99
418
50
226
329
86
90
77
214
226
122
120
234
137
222
285
229
76
180
77
184
41
176
15
35
92
190
68
90
179
132
78
9
146
158
25
258
119
174
115
139
51
206
189
24
91
205
93
144
137
240
59
173
42
380
129
122
72
69
48
130
67
88
126
179
162
147
94
154
162
129
83
80
91
144
165
173
79
111
72
145
162
153
100
108
90
67
81
145
122
161
167
126
134
173
194
132
427
84
78
38
138
85
269
124
117
195
86
194
107
111
111
134
152
158
134
97
95
236
128
309
138
159
102
104
116
192
119
71
157
75
132
231
138
135
112
58
85
86
42
136
165
266
58
41
47
47
38
150
92
77
88
22
126
83
89
133
150
75
138
149
75
81
82
65
146
234
32
107
207
63
251
60
154
173
125
83
98
164
67
84
37
106
173
122
65
72
11
215
18
164
117
112
127
99
119
282
23
40
86
46
312
97
101
60
85
33
219
42
123
95
80
93
206
61
90
103
169
89
107
119
234
119
81
170
77
99
131
117
73
96
118
57
247
133
97
137
61
179
176
134
122
49
95
158
167
98
87
169
47
27
13
53
201
32
25
32
292
115
179
117
125
224
105
199
131
158
114
66
49
102
78
109
140
249
73
76
123
52
147
74
110
109
80
29
86
84
126
87
58
76
103
253
30
245
176
41
321
197
124
66
92
74
127
161
127
240
251
284
53
355
158
171
199
254
241
119
137
86
85
62
204
34
76
56
169
165
103
162
231
69
154
146
166
111
99
179
124
69
12
65
105
124
89
95
50
142
106
167
88
60
99
104
104
104
356
183
213
95
124
109
248
340
193
199
362
226
239
104
216
319
354
226
150
263
231
211
142
253
197
267
177
83
259
111
237
170
118
297
317
296
172
205
133
291
162
108
109
115
115
169
225
169
247
97
273
222
238
155
170
129
137
96
147
263
86
276
211
111
152
101
239
146
97
185
176
290
68
234
33
94
166
62
232
63
176
235
142
171
187
248
68
161
185
75
153
44
152
76
34
205
47
61
139
157
138
195
107
59
6
161
106
29
159
179
127
44
125
23
120
255
109
186
173
102
210
368
111
122
329
173
118
59
112
126
42
13
77
88
9
151
171
23
75
86
201
99
94
237
267
128
113
100
53
175
88
165
259
138
167
82
230
136
123
243
70
165
64
266
152
52
164
169
122
48
72
142
142
179
146
120
186
126
70
117
127
66
111
110
191
183
87
204
26
184
90
250
105
116
105
119
118
170
28
107
33
81
75
137
289
85
113
70
164
56
79
81
44
42
103
76
65
98
25
124
98
58
141
95
56
72
213
180
124
69
129
75
100
81
100
67
25
57
283
15
79
58
53
175
43
57
193
58
28
42
100
192
155
118
131
4
46
4
93
140
79
31
176
113
161
225
34
181
68
43
76
113
34
75
114
140
78
50
59
186
169
92
112
153
102
84
85
26
159
143
90
129
153
189
89
152
159
65
139
55
113
139
190
77
143
117
176
128
74
99
123
186
80
97
178
107
101
274
99
3
19
114
68
103
185
57
269
106
113
181
76
78
9
68
164
163
41
201
81
76
56
94
134
50
107
179
87
70
127
56
96
180
229
86
83
34
25
41
12
26
69
209
24
17
9
39
16
37
128
102
7
9
104
82
21
52
37
183
159
114
50
71
291
70
52
186
203
233
96
170
195
83
55
74
28
71
64
84
116
126
63
83
98
146
168
79
251
41
89
292
82
124
165
159
334
155
225
30
166
52
67
141
180
161
58
127
246
43
93
102
31
27
87
19
91
62
246
116
157
196
122
152
200
68
64
29
59
53
114
167
35
140
271
50
98
121
161
128
31
36
180
17
62
58
86
70
65
80
53
131
97
184
339
27
111
39
69
78
52
179
46
52
105
101
262
133
40
103
97
24
80
168
91
53
76
201
79
126
72
132
146
39
54
111
111
131
118
23
123
54
170
104
81
116
88
135
108
101
195
47
58
175
93
227
73
136
132
114
66
127
125
76
92
77
116
156
141
93
206
130
87
136
95
94
159
117
170
129
107
125
138
134
35
230
219
92
165
127
114
150
74
136
262
104
104
20
137
141
94
26
58
41
83
18
34
128
70
81
134
108
78
6
123
30
178
56
22
76
67
130
122
28
57
80
104
195
81
51
192
124
70
74
122
26
76
162
208
88
73
84
145
74
38
216
186
100
121
100
62
47
20
106
180
104
191
3
159
28
131
109
169
121
113
86
182
47
61
48
60
77
154
19
273
71
46
14
83
43
18
138
13
100
53
147
130
121
120
72
146
68
98
11
95
58
69
136
52
245
105
63
41
26
111
107
126
200
210
69
63
31
136
78
130
172
57
108
32
78
22
68
35
103
54
83
102
64
58
124
59
149
214
67
105
101
70
51
75
63
88
179
69
84
47
178
86
34
69
37
41
55
34
59
241
114
175
40
121
109
194
167
61
108
54
109
71
7
15
64
34
40
121
101
16
50
67
83
113
144
138
108
21
108
131
100
116
129
44
83
75
231
266
106
26
76
109
21
121
218
122
45
37
81
110
191
129
65
126
125
37
77
44
45
85
77
110
119
70
59
110
54
152
82
109
119
81
50
65
51
16
118
27
91
70
55
74
63
36
43
81
59
37
21
76
60
36
14
54
11
7
55
138
48
153
196
100
22
152
109
149
196
316
171
141
72
225
86
110
38
241
120
160
133
99
123
211
238
123
118
187
114
133
172
147
52
321
174
31
64
95
28
86
74
67
33
35
165
158
204
83
139
98
91
83
168
120
109
3
120
112
186
122
131
155
115
139
110
157
102
44
61
80
66
130
108
36
67
62
106
255
68
92
148
141
122
157
50
87
49
167
173
95
75
35
38
95
53
20
17
55
72
172
45
38
38
122
120
135
46
144
56
82
59
123
164
133
42
69
167
143
39
29
49
21
40
134
25
101
47
131
58
121
63
182
157
66
168
141
100
34
82
76
364
50
182
149
225
161
72
73
123
128
178
116
119
51
218
83
58
41
85
115
88
39
26
128
35
75
108
58
233
109
204
112
66
98
57
69
123
137
178
70
89
139
145
101
60
126
149
192
51
73
80
94
192
159
97
76
57
151
80
104
75
162
282
33
83
61
74
52
54
24
122
47
120
80
24
27
18
193
49
295
23
107
23
6
97
69
98
67
93
6
66
76
137
123
124
86
122
41
39
66
103
148
166
75
106
59
113
125
53
114
94
116
132
94
167
78
93
57
83
103
28
97
128
120
71
89
198
124
121
133
87
23
49
37
63
35
148
246
130
9
17
26
121
180
26
33
61
123
100
103
100
34
50
56
12
99
171
564
11
22
51
79
32
57
55
57
87
15
3
21
36
2
8
36
15
32
29
13
17
7
23
1
109
135
93
94
264
83
71
87
89
69
105
41
124
85
95
84
62
122
131
32
54
47
17
73
70
39
58
166
126
92
136
51
30
110
89
103
65
45
45
83
71
80
74
157
247
48
99
98
22
154
132
47
139
111
102
117
136
37
105
99
167
51
24
95
56
52
154
59
36
483
118
130
64
63
41
123
31
116
112
137
103
57
156
66
183
144
162
54
201
28
155
104
248
175
78
276
160
111
149
108
77
117
67
103
102
140
264
137
163
154
175
40
256
99
174
130
42
197
169
88
128
112
74
132
34
154
90
91
166
292
232
27
174
164
217
175
93
128
166
207
65
89
109
89
48
160
92
202
58
200
109
198
138
269
80
132
140
167
161
90
96
111
114
106
158
158
216
43
91
60
163
146
138
109
111
77
81
80
87
186
172
105
62
140
178
36
79
214
91
140
50
50
91
37
136
111
1
49
185
89
193
108
36
22
37
20
69
65
78
165
133
120
133
70
57
137
22
194
97
131
93
20
45
48
77
50
124
115
59
120
132
53
98
67
60
34
144
81
92
83
19
52
51
78
48
109
87
51
8
34
59
142
73
88
140
143
25
91
145
131
143
37
54
101
67
51
209
7
124
107
87
140
146
18
154
111
153
151
76
174
73
119
111
88
80
111
75
73
40
117
90
229
102
158
29
7
236
69
117
124
66
264
115
45
88
45
63
82
104
128
111
21
70
152
18
63
38
62
97
47
45
120
63
24
40
34
84
95
75
28
105
120
150
189
170
144
49
59
223
100
36
87
50
22
62
98
148
135
85
101
78
113
127
76
149
154
87
111
178
55
223
5
6
57
53
16
65
48
60
56
66
32
43
33
53
95
41
19
34
52
46
115
24
81
105
63
96
35
113
46
51
117
83
236
71
87
83
121
100
19
49
110
127
34
61
123
32
66
144
50
22
112
45
61
97
91
135
83
86
77
62
59
84
52
102
76
95
90
62
45
98
56
50
99
50
49
126
115
12
29
63
30
63
154
158
110
6
43
95
157
96
49
76
13
37
157
98
23
51
74
118
84
46
82
198
126
161
67
66
105
71
75
67
120
100
29
67
81
61
103
94
89
63
138
77
104
14
70
32
68
57
81
74
21
45
79
39
64
178
61
64
122
73
130
110
81
79
64
235
17
15
94
74
107
65
97
80
44
112
23
39
57
64
24
116
45
36
45
8
10
24
32
75
89
55
167
93
1
81
79
78
97
114
137
86
183
115
111
41
10
134
38
168
32
53
45
70
55
177
149
95
21
59
71
28
40
5
46
64
105
88
106
42
89
80
34
136
61
27
39
25
101
42
49
106
91
71
77
119
58
80
43
98
66
169
43
97
15
53
47
21
35
20
42
95
106
99
97
93
191
115
89
90
51
67
41
214
56
56
92
210
106
33
80
134
40
66
92
84
95
174
85
87
104
206
78
127
70
34
103
79
11
256
73
79
8
97
48
23
67
12
152
70
4
59
2
36
110
43
2
164
52
55
136
137
33
61
80
107
72
79
276
72
26
9
12
21
119
16
18
65
53
64
126
137
53
170
116
125
125
109
50
81
57
69
82
127
66
64
166
105
114
99
11
98
37
43
186
28
159
78
39
27
145
64
182
84
15
155
196
47
49
44
65
92
60
35
70
33
54
79
3
103
136
85
35
2
40
153
53
71
73
37
64
31
87
18
96
9
17
71
21
41
8
128
104
56
10
43
54
84
97
68
102
3
252
100
65
37
83
47
83
65
113
171
73
171
30
26
31
8
63
24
41
25
131
113
51
82
52
38
32
74
80
126
29
88
32
46
43
66
46
27
65
93
70
98
101
84
34
26
30
45
56
49
39
64
124
144
46
45
179
51
35
89
19
96
93
15
15
64
86
58
86
35
25
31
86
181
36
74
29
35
6
77
50
43
76
34
95
73
12
23
102
80
36
83
40
64
67
24
148
62
7
61
60
191
41
59
42
55
40
34
112
45
73
58
20
43
34
8
40
293
27
15
20
163
21
33
117
39
115
82
37
130
87
15
73
5
5
51
81
107
76
8
28
11
71
12
9
14
18
11
65
38
27
4
21
43
77
197
113
40
37
87
37
178
42
39
46
30
72
36
1
59
89
48
35
27
125
92
72
160
8
54
120
27
53
86
25
66
70
76
20
74
43
79
11
37
38
35
45
12
7
11
33
42
13
3
53
66
19
28
39
32
44
28
55
102
56
70
6
21
36
10
10
3
10
92
78
91
12
21
40
10
90
51
90
27
4
63
16
92
54
32
64
107
157
58
16
171
16
66
13
124
41
59
87
51
41
3
18
116
6
12
63
17
147
50
68
31
76
58
69
47
13
33
8
48
36
7
75
78
61
107
72
29
58
22
41
109
16
3
48
108
52
59
17
18
45
59
38
68
91
62
11
31
120
13
85
82
50
107
58
15
8
26
33
6
31
18
51
101
46
8
12
15
23
46
193
95
99
33
172
28
75
22
39
54
46
78
14
61
67
17
134
198
163
113
128
38
28
16
134
96
40
43
81
27
51
61
44
36
40
45
48
52
42
41
29
90
16
42
83
55
91
35
108
53
23
16
25
117
40
60
67
83
23
10
59
58
46
76
19
58
22
22
10
115
109
58
18
12
24
23
49
50
45
31
108
34
12
29
30
23
9
56
12
11
46
64
19
23
106
129
130
38
100
40
144
91
78
30
113
72
75
2
34
40
49
57
89
56
194
62
23
24
29
28
15
7
28
38
95
16
81
53
44
19
72
121
13
71
2
89
62
29
57
98
19
46
72
62
51
80
17
68
11
14
90
37
36
31
81
63
37
25
54
57
42
33
95
96
86
6
22
13
52
74
110
53
1
25
65
115
57
79
16
5
20
21
3
62
20
34
45
81
20
56
12
11
29
8
25
24
31
47
26
25
52
22
4
29
72
98
54
151
49
52
69
63
61
25
165
1
10
20
9
24
35
35
73
41
9
38
25
22
12
76
24
6
22
20
13
55
83
56
19
6
12
40
64
14
18
9
92
82
60
88
74
9
27
2
20
6
30
6
22
15
13
3
3
126
10
36
30
42
7
1
61
63
51
11
109
34
17
15
109
104
24
11
10
23
8
7
22
1
28
67
84
27
90
28
15
29
87
47
7
13
34
163
81
31
49
15
22
21
83
61
69
47
68
9
120
11
37
4
68
59
44
20
16
22
40
19
28
55
39
21
57
82
116
69
50
92
84
165
164
70
122
88
58
27
7
43
43
100
41
24
47
3
7
12
141
34
43
10
33
1
9
24
5
42
4
37
15
88
24
18
57
16
28
162
104
55
68
22
18
13
27
56
12
28
12
119
40
4
62
52
35
35
82
66
39
152
44
52
16
38
50
45
37
62
23
3
38
9
8
52
84
55
73
73
11
80
26
61
32
34
73
15
35
73
69
21
16
5
61
9
11
51
130
84
39
48
79
91
5
2
2
14
111
82
4
13
22
40
4
66
131
25
77
42
34
37
36
28
11
1
26
97
72
137
85
34
19
63
30
125
17
4
15
99
61
29
42
39
50
66
6
25
52
25
56
28
47
14
4
19
12
17
20
53
4
3
28
36
50
43
12
13
107
16
59
64
68
112
92
64
64
109
126
51
27
31
55
101
9
69
9
28
38
69
25
73
52
50
60
22
28
9
26
26
44
14
10
45
115
65
23
55
56
14
13
20
11
34
48
18
46
133
40
32
86
43
66
50
84
20
59
114
28
85
63
49
33
29
32
77
62
109
11
9
18
43
77
46
75
67
36
26
50
41
156
28
47
10
44
79
23
76
25
70
47
22
2
6
38
43
15
3
123
65
1
29
23
9
37
38
12
53
103
161
82
3
33
150
86
3
6
20
76
85
64
35
61
18
49
30
43
49
50
42
28
3
7
28
143
30
45
56
63
48
60
57
56
128
20
54
53
52
45
5
89
80
92
78
34
30
43
23
17
55
2
106
6
46
61
40
25
30
30
24
10
108
48
64
30
44
13
54
51
7
17
41
33
53
31
31
19
41
30
9
55
35
65
14
8
16
17
31
69
234
68
3
24
28
105
28
21
53
7
76
57
29
41
25
266
2
11
69
67
66
55
8
38
5
17
10
15
3
63
74
49
18
13
26
6
26
1
33
23
54
32
55
69
36
15
27
2
17
75
91
58
12
20
59
11
1
8
11
60
37
6
53
14
12
55
57
32
49
29
47
69
29
64
40
25
52
103
38
59
21
24
66
44
24
4
87
52
43
5
38
16
21
28
54
26
33
16
62
34
43
1
17
134
80
2
4
10
129
25
153
108
81
54
35
41
63
30
4
22
11
54
51
39
71
70
85
47
26
90
32
12
58
35
48
9
4
7
14
16
12
21
5
52
17
12
19
65
79
87
52
16
18
1
47
29
15
66
14
16
4
3
50
15
47
116
17
29
32
18
76
27
24
17
185
10
91
20
69
66
20
20
28
57
11
13
21
2
45
46
16
104
6
6
3
55
18
13
4
69
27
46
10
57
14
9
53
15
6
19
66
2
1
5
3
107
16
14
10
62
55
55
4
63
33
13
143
53
19
46
5
32
29
88
59
82
3
7
5
28
6
105
44
1
29
59
20
71
71
96
3
9
2
14
2
13
7
57
97
29
34
50
42
9
35
54
24
54
3
22
9
15
1
68
15
55
39
29
69
43
12
7
38
2
41
5
62
42
20
196
89
47
73
77
65
47
15
12
16
16
13
17
35
71
26
48
11
12
78
54
19
8
30
34
19
8
7
5
9
10
16
91
131
3
2
3
17
18
51
1
25
27
41
1
32
90
19
22
38
41
7
8
46
76
36
14
72
87
38
39
104
58
64
40
32
32
10
27
64
16
38
11
18
2
26
21
16
23
23
7
32
18
8
48
15
23
20
5
32
19
5
4
50
10
6
17
48
41
16
38
1
15
26
22
12
1
1
19
7
12
19
51
9
11
37
33
6
42
3
30
21
47
25
3
170
13
6
15
32
1
1
18
44
8
70
10
7
10
17
13
35
86
8
26
43
29
55
7
4
7
1
3
12
25
32
23
42
30
30
13
13
28
5
20
11
15
185
10
4
13
86
72
25
17
1
55
54
17
48
10
41
24
15
4
19
16
22
10
22
12
14
13
13
45
27
7
46
22
18
58
5
2
47
5
171
97
10
40
36
5
7
8
13
4
13
13
12
16
3
30
1
31
44
10
28
39
13
27
16
12
12
3
5
4
1
11
11
9
4
5
11
26
25
8
12
31
1
46
15
65
5
21
61
1
26
13
2
29
11
29
4
2
1
26
18
13
13
70
7
10
43
30
42
2
59
26
49
62
42
8
35
9
9
16
10
3
77
19
12
1
12
39
40
9
36
2
7
5
8
11
38
2
35
9
22
10
27
13
3
13
16
48
39
31
18
3
48
28
29
6
5
11
3
2
20
6
24
15
42
10
1
32
15
98
113
64
74
32
34
32
54
48
12
3
4
15
4
3
4
15
32
64
1
100
78
41
47
5
17
5
12
42
160
70
18
13
50
16
1
9
3
1
17
57
25
2
2
4
19
18
9
10
67
4
2
10
28
8
20
11
3
1
3
5
3
6
25
16
48
35
77
22
71
34
13
16
10
16
34
12
1
11
5
24
45
13
1
23
15
7
10
58
20
31
1
5
25
6
349
56
30
22
13
34
34
106
53
16
4
56
148
22
5
1
49
2
5
4
5
1
1
8
15
2
36
45
61
175
26
41
20
27
16
4
4
14
11
6
1
13
2
3
3
2
19
7
5
1
17
18
53
46
3
1
15
35
56
4
23
3
2
10
1
3
28
42
30
39
2
25
57
27
10
3
41
2
10
4
41
1
6
4
1
12
8
3
4
4
8
23
39
2
39
13
4
5
46
2
93
7
3
3
69
48
115
13
14
19
6
7
189
16
1
3
2
15
71
19
1
15
27
18
7
21
20
43
94
12
5
2
7
8
3
9
9
15
56
30
46
2
35
1
85
36
5
1
5
1
4
4
48
13
2
1
107
1
4
3
2
1
3
58
8
34
36
20
3
1
2
1
4
92
22
1
3
4
1
24
8
18
44
15
5
1
9
31
20
7
142
1
19
124
41
13
16
24
25
14
8
8
18
7
15
41
1
12
5
107
46
6
5
4
2
3
38
26
61
1
1
2
11
3
2
8
50
1
44
18
18
1
2
5
56
57
10
1
7
1
23
1
11
3
5
7
1
3
4
81
29
34
41
33
40
135
25
25
73
3
77
43
46
93
16
3
35
10
65
2
8
65
2
1
10
33
20
5
23
5
5
6
45
2
1
3
1
11
7
3
1
1
4
5
8
2
8
11
10
1
2
1
109
5
2
75
8
1
1
142
3
13
1
20
25
2
2
2
47
7
141
1
1
1
1
2
3
7
1
29
8
47
76
11
1
155
14
11
8
3
76
77
34
15
13
46
8
74
29
2
80
49
11
67
4
132
60
5
2
20
3
1
8
44
7
4
55
2
8
71
30
25
53
3
4
26
39
38
41
42
31
11
44
14
68
14
19
42
1
14
13
2
22
1
2
38
1
26
14
2
16
14
30
26
55
23
57
11
16
21
5
8
52
18
27
33
31
11
20
16
4
18
19
8
26
9
14
22
4
12
32
6
9
43
1
12
1
14
29
14
17
1
24
1
22
10
41
13
1
57
19
10
2
22
4
10
7
9
12
25
16
23
45
15
41
1
42
2
2
22
15
17
20
1
6
7
45
97
18
66
38
1
34
52
13
6
1
12
41
4
5
49
15
15
13
19
26
3
1
1
15
25
9
2
30
36
4
39
31
27
6
128
3
1
8
29
8
13
1
34
2
2
11
73
270
66
2
3
28
21
10
1
78
11
10
6
14
6
29
6
15
1
5
13
32
3
8
26
2
14
15
28
3
2
4
5
2
2
12
8
13
21
11
33
5
58
2
62
10
19
30
37
47
13
25
25
42
4
1
46
1
50
12
7
19
1
16
1
1
1
1
1
3
2
1
16
2
1
1
11
17
10
20
2
7
9
1
41
31
50
21
2
1
5
22
125
1
17
63
21
1
11
10
2
1
4
3
1
1
1
1
1
1
58
3
38
17
45
9
1
5
1
1
16
1
1
1
9
7
1
69
1
7
7
2
14
1
26
1
9
4
3
2
1
2
5
1
1
125
19
1
3
6
19
1
2
1
1
7
4
4
2
1
50
2
2
3
1
7
1
1
1
2
27
4
1
32
16
64
47
2
5
10
8
28
1
1
1
1
1
1
43
13
58
24
1
1
17
16
10
10
8
65
24
19
11
24
3
29
3
15
3
1
2
32
23
10
15
39
18
23
11
4
12
20
7
4
32
1
14
10
9
8
18
14
10
22
23
21
2
10
9
8
5
2
18
12
8
7
11
12
18
1
5
1
2
8
5
11
14
10
28
5
7
12
1
8
13
11
24
7
6
2
12
8
6
23
12
12
6
11
6
3
19
4
7
9
17
11
1
4
3
6
6
6
6
3
1
3
17
6
11
4
6
7
1
5
4
2
12
6
2
3
1
1
2
2
1
3
2
1
1
1
1
1
