5.339217722395293020e-01
6.049122807017544012e-01
5.791108522616967846e-01
4.885958660014255162e-01
4.427480916030534508e-01
5.127188388448301604e-01
4.875621890547263693e-01
4.793772032902467450e-01
4.679771379733988490e-01
5.874747474747474829e-01
4.572077922077922296e-01
5.329835082458770357e-01
3.333333333333333148e-01
1.071428571428571369e-01
5.612870275791623786e-01
6.014492753623188470e-01
5.285083105407111237e-01
6.013789581205311041e-01
5.819801980198019420e-01
4.393727682036950855e-01
6.522198731501056557e-01
2.739361702127659504e-01
3.666666666666666408e-01
6.780303030303029832e-01
5.724206349206348854e-01
6.235294117647058876e-01
4.274122807017544101e-01
4.044035674470456976e-01
5.025510204081632404e-01
5.701592002961866079e-01
5.073345259391770501e-01
7.163461538461538547e-01
5.763121825364830864e-01
7.606837606837606458e-01
4.345013477088948695e-01
6.231438812083973655e-01
7.364341085271317588e-01
3.326923076923076761e-01
2.883043922369765144e-01
5.987804878048780255e-01
2.004381161007667000e-01
4.696248333650733242e-01
5.785310734463277038e-01
5.165985699693564914e-01
3.809523809523809312e-01
1.515151515151515194e-01
5.050420168067226712e-01
4.093567251461988077e-01
5.026519787841696729e-01
4.535911602209944937e-01
3.761290322580644885e-01
5.401116661769027605e-01
5.238095238095238360e-01
4.427648578811369529e-01
6.180486180486181036e-01
5.516767163863324219e-01
6.178053830227743237e-01
6.063492063492063044e-01
4.065040650406503975e-01
5.301365301365301708e-01
8.193548387096774022e-01
3.295454545454545303e-01
5.269230769230769384e-01
6.178053830227743237e-01
4.724742891712038761e-01
4.650980392156862653e-01
5.491738788355625678e-01
4.763909432244851638e-01
4.841750841750842027e-01
1.966386554621848692e-01
6.277056277056276556e-01
6.650246305418718862e-01
5.851619644723092817e-01
5.026185844680532977e-01
6.040626040626040361e-01
6.216216216216216006e-01
6.842940243257535915e-01
4.870370370370370461e-01
5.758211041229909233e-01
2.821256038647342868e-01
3.993993993993993907e-01
7.897435897435897134e-01
8.049242424242424310e-01
5.755102040816326703e-01
7.131313131313131715e-01
5.668455575432319593e-01
5.809102402022755518e-01
4.282183402454861620e-01
6.338652482269503396e-01
5.238095238095238360e-01
4.550264550264550012e-01
7.579831932773108960e-01
9.169960474308300746e-01
5.182358882280327927e-01
4.784003421727972549e-01
4.743400859422958749e-01
5.286492374727669308e-01
4.954608744082428240e-01
4.153225806451613100e-01
2.564102564102563875e-01
6.499690785405071169e-01
6.293706293706293753e-01
5.966666666666666785e-01
5.920876770916867482e-01
4.980760626398210156e-01
4.833782569631626114e-01
4.662337662337662225e-01
4.180980310012568091e-01
5.807327001356852314e-01
4.107526881720430234e-01
1.830065359477124065e-01
4.699988742541933995e-01
5.712025316455696666e-01
7.363636363636363313e-01
5.666666666666666519e-01
5.159574468085106336e-01
4.065043658428296736e-01
5.298992161254199029e-01
6.333333333333333037e-01
2.932469935245143322e-01
7.004048582995950900e-01
3.363636363636363646e-01
7.246376811594202882e-01
4.623655913978494403e-01
3.744107744107744162e-01
4.598684210526315930e-01
6.557568673290473660e-01
4.950519094165503065e-01
4.905414220482713361e-01
4.000000000000000222e-01
8.333333333333333703e-01
2.116883116883116756e-01
4.335188620902906687e-01
6.095850379894798277e-01
5.206730769230769607e-01
3.162830349531116636e-01
4.705882352941176405e-01
3.932346723044397585e-01
5.870870870870871228e-01
7.700908455625437021e-01
4.757675956542276596e-01
4.975297878523685102e-01
7.484572436085806801e-01
5.121951219512195230e-01
4.291497975708502000e-01
4.459405940594059481e-01
5.491525423728813582e-01
4.607902735562309782e-01
4.293846899224806335e-01
5.028248587570621764e-01
4.478779691545649033e-01
7.177068214804064317e-01
5.141959376052070985e-01
4.578947368421052433e-01
4.938596491228069985e-01
4.595462550502434351e-01
6.024561403508772450e-01
6.058700209643606005e-01
9.523809523809523281e-01
5.946281633286756296e-01
6.159800249687890084e-01
6.149162861491628274e-01
5.584609131553990302e-01
7.147147147147147050e-01
5.947712418300653558e-01
3.960317460317460125e-01
4.695928080380750713e-01
5.059367579052618247e-01
5.645576480151740517e-01
5.558823529411764941e-01
3.380662609871534774e-01
4.668792771244435480e-01
7.719298245614034659e-01
5.355948399426659901e-01
6.523076923076922551e-01
7.315270935960591636e-01
5.202470830473575614e-01
5.947936507936507633e-01
5.261637784573564014e-01
6.149666200900480995e-01
4.099794941900204992e-01
7.101010101010101216e-01
5.840659340659341003e-01
2.210526315789473617e-01
8.333333333333333703e-01
4.784922394678492452e-01
5.651329838866239186e-01
6.620768789443488567e-01
5.278735632183908510e-01
5.573770491803278215e-01
4.828133262823902649e-01
4.577483443708609268e-01
5.604197901049475794e-01
5.603583426651735921e-01
6.549663928304705340e-01
4.743421052631578982e-01
7.050505050505050386e-01
6.053732303732303199e-01
5.259851513420902291e-01
5.683150183150182944e-01
6.140533056420907077e-01
2.293178519593613851e-01
3.815384615384615485e-01
0.000000000000000000e+00
2.758031442241968834e-01
5.508611955420466000e-01
4.976348854397634747e-01
7.818181818181818565e-01
5.379310344827585855e-01
6.134301270417422680e-01
6.535489667565139715e-01
4.031138228487270991e-01
7.967479674796748013e-01
5.008525149190110604e-01
7.330538085255066116e-01
6.112947658402203555e-01
4.814524555903866299e-01
7.564102564102563875e-01
4.115036132203513941e-01
5.373461012311901985e-01
6.338461538461538369e-01
5.555555555555555802e-01
7.482219061166429652e-01
2.586206896551724310e-01
2.586726998491704621e-01
5.402207505518763497e-01
4.024250743536947894e-01
4.727831431079894675e-01
7.477477477477477708e-01
5.964912280701754055e-01
5.344827586206896131e-01
6.802413273001508554e-01
5.041187739463601769e-01
5.700564971751412857e-01
5.773809523809523281e-01
5.470085470085470636e-01
5.212121212121212377e-01
5.555555555555555802e-01
8.974358974358974672e-01
4.228473998294970393e-01
5.740350877192982315e-01
5.912258064516129341e-01
2.483660130718954306e-01
4.648215450563787376e-01
3.650793650793650591e-01
4.788213627992633503e-01
4.954545454545454808e-01
5.213675213675214026e-01
5.794209702660406691e-01
5.631288542680947806e-01
5.787755102040815780e-01
5.199400299850075458e-01
2.782456140350877405e-01
5.628099173553718915e-01
5.870827285921625949e-01
3.138718173836698710e-01
6.326530612244898322e-01
5.263759594969785738e-01
4.814479638009049878e-01
5.946446375160233666e-01
6.065478777343183969e-01
4.675621890547263515e-01
4.888635065676756319e-01
4.129129129129129328e-01
2.570068746694870176e-01
3.704994192799070940e-01
3.591397849462365510e-01
8.333333333333333703e-01
2.163742690058479412e-01
6.583333333333333259e-01
3.900000000000000133e-01
5.418803418803418426e-01
4.333333333333333481e-01
5.928853754940711651e-01
6.349782293178519721e-01
3.711279953243717400e-01
4.366120218579234713e-01
7.078965758211041015e-01
5.068232307204062481e-01
5.197901049475261992e-01
5.308219178082191902e-01
5.659673659673659651e-01
8.286290322580645018e-01
5.093877551020408179e-01
5.809523809523809978e-01
4.421831637372802826e-01
4.209065679925994563e-01
4.935064935064935043e-01
6.156052782558806280e-01
4.699498254799301944e-01
9.021739130434782705e-01
8.333333333333333703e-01
5.277777777777777901e-01
5.730022404779686607e-01
3.971193415637860324e-01
3.246753246753246724e-01
8.727272727272726849e-01
7.666666666666667185e-01
5.016320356659501600e-01
5.910572892408011425e-01
6.335664335664336067e-01
5.485986881335718213e-01
5.454545454545454142e-01
5.652008376166000048e-01
5.080839353285173665e-01
6.358024691358025171e-01
4.446623093681917327e-01
2.593837535014005824e-01
3.448051948051947813e-01
6.027992277992277881e-01
5.462365591397849718e-01
5.866666666666666696e-01
6.275680840898232304e-01
4.612632347572106495e-01
3.663461538461538214e-01
6.724346076458752597e-01
5.836550836550836729e-01
2.962962962962962798e-01
4.090909090909091161e-01
5.127012522361359403e-01
6.016799891613602291e-01
6.865203761755486189e-01
5.968379446640316166e-01
6.580086580086580428e-01
5.308845577211394051e-01
4.699121027721433475e-01
5.283220045315206725e-01
6.845238095238095344e-01
4.876413908671973219e-01
7.619047619047618625e-01
5.146853146853146432e-01
5.454248366013071392e-01
6.106150793650794162e-01
5.269230769230769384e-01
4.879381580701052656e-01
5.468599033816424759e-01
6.253132832080200432e-01
5.119855269109000462e-01
5.444444444444443976e-01
3.235431235431235342e-01
5.320197044334975534e-01
6.450216450216450514e-01
6.166007905138339851e-01
2.807017543859648967e-01
6.642105263157894735e-01
3.333333333333333148e-01
2.500000000000000000e-01
5.472978634268956810e-01
5.940594059405940319e-01
4.081632653061224580e-01
5.133689839572193048e-01
4.895643363728470199e-01
5.679279279279279002e-01
7.140825035561877421e-01
6.131654864935746074e-01
2.666666666666666630e-01
3.947368421052631637e-01
5.726495726495726135e-01
2.388591800356506256e-01
5.291880781089414176e-01
7.579831932773108960e-01
4.902356902356902468e-01
6.285714285714285587e-01
2.451219512195121908e-01
2.222222222222222099e-01
3.465909090909091161e-01
3.404634581105169255e-01
6.748911465892597494e-01
3.739532558430196385e-01
6.017316017316017840e-01
5.947712418300653558e-01
8.184615384615384626e-01
5.636363636363636020e-01
8.055555555555555802e-01
7.147147147147147050e-01
6.743589743589744057e-01
3.949118514335905883e-01
6.995073891625616103e-01
5.856950067476383026e-01
6.190476190476190688e-01
5.247336377473363900e-01
4.932787843366452374e-01
3.666666666666666408e-01
2.444444444444444364e-01
5.428571428571428159e-01
3.153846153846153744e-01
4.401656314699792794e-01
4.874815905743740685e-01
6.761904761904762307e-01
6.736842105263157743e-01
5.965601965601965428e-01
7.908045977011494143e-01
7.822580645161290036e-01
7.367283950617283805e-01
6.584741423451100362e-01
6.544566544566544630e-01
6.483516483516483797e-01
5.456740442655935164e-01
5.841463414634145979e-01
4.819004524886877916e-01
3.948948948948948767e-01
6.158402203856749857e-01
5.087387812942844034e-01
5.903737839221709915e-01
4.746376811594202882e-01
4.699699699699699806e-01
6.583333333333333259e-01
9.416666666666666519e-01
5.250000000000000222e-01
5.029239766081871066e-01
4.000000000000000222e-01
2.435897435897435848e-01
3.853125416500066680e-01
6.852836879432624428e-01
5.475494969165854986e-01
4.696605185779203495e-01
4.585967130214917975e-01
5.069782538136968775e-01
8.193548387096774022e-01
8.451612903225806939e-01
5.428571428571428159e-01
4.623655913978494403e-01
3.693693693693693714e-01
7.600000000000000089e-01
5.258095109063812833e-01
4.250980392156862853e-01
5.826534576534576626e-01
6.357452071737785815e-01
5.907258064516128782e-01
3.196930946291560161e-01
5.537287140340575453e-01
6.215538847117794141e-01
4.121863799283154162e-01
6.530612244897958663e-01
5.859535703790772487e-01
5.604909409701929190e-01
7.714285714285714635e-01
6.466346153846154188e-01
5.563323201621074299e-01
5.365853658536585691e-01
5.511895215183105767e-01
5.423786739576212934e-01
3.928571428571428492e-01
3.099415204678362401e-01
4.573190522557611382e-01
8.320512820512820928e-01
5.739484396200814631e-01
6.666666666666666297e-01
6.621858562244301583e-01
6.735632183908045745e-01
5.043478260869564966e-01
5.968306922435362427e-01
6.052993375828021883e-01
3.610169491525423990e-01
5.433333333333333348e-01
5.902777777777777901e-01
5.276162790697674909e-01
6.411719939117199729e-01
5.742454728370220973e-01
5.406993828974434591e-01
6.036706349206348854e-01
5.093537414965986221e-01
4.998168498168498175e-01
2.759601706970127855e-01
5.632142209323417470e-01
7.897727272727272929e-01
8.151515151515151825e-01
6.249029653780469040e-01
6.173677069199456913e-01
6.108108108108107892e-01
6.666666666666666297e-01
5.042016806722688926e-01
3.369516056083220468e-01
6.103435399551904172e-01
5.000000000000000000e-01
4.879879879879879812e-01
4.132534132534132487e-01
5.500990099009901435e-01
5.010101010101010166e-01
8.326612903225806273e-01
8.505747126436781214e-01
6.578947368421053099e-01
4.390804597701149503e-01
6.141414141414140992e-01
7.206349206349206282e-01
8.365591397849462263e-01
7.173913043478260532e-01
3.709677419354838745e-01
6.167212647770973222e-01
5.379629629629629761e-01
7.002096436058700135e-01
6.050298907441764573e-01
4.388442211055276210e-01
3.571428571428571508e-01
4.229249011857707519e-01
6.492721164613661777e-01
5.449035812672176071e-01
5.650793650793650702e-01
4.107070707070706872e-01
7.270615563298490347e-01
7.310344827586207073e-01
5.382180009045680613e-01
3.459972862957937378e-01
6.593406593406593297e-01
8.095238095238095344e-01
7.433333333333332904e-01
6.984615384615384670e-01
5.472563472563473086e-01
4.939516129032258118e-01
3.516483516483516758e-01
3.787878787878787845e-01
2.256097560975609817e-01
5.105204872646733616e-01
3.440860215053763715e-01
3.663865546218487146e-01
6.566265060240963347e-01
5.239361702127659504e-01
7.151020408163265563e-01
4.474555856669678033e-01
5.747899159663865110e-01
5.606349206349205971e-01
6.129032258064516236e-01
5.222467365324507949e-01
4.135338345864661425e-01
9.138461538461538636e-01
4.009661835748792313e-01
5.428571428571428159e-01
5.518709677419354476e-01
1.523809523809523947e-01
5.312629399585920842e-01
5.253623188405797118e-01
8.125000000000000000e-01
6.816816816816816393e-01
3.459016393442622683e-01
4.221024258760107672e-01
9.368421052631579204e-01
6.866466866466865993e-01
7.184582956940680498e-01
5.504032258064516236e-01
6.835839598997494049e-01
3.645687645687645806e-01
9.200000000000000400e-01
7.222222222222222099e-01
2.117216117216117188e-01
6.011396011396011874e-01
5.555555555555555802e-01
5.089626799882456254e-01
4.898785425101214730e-01
7.300435413642960558e-01
7.238095238095237915e-01
5.048285048285048315e-01
5.686274509803921351e-01
5.484567901234568277e-01
2.483660130718954306e-01
7.746212121212121549e-01
5.833333333333333703e-01
5.527950310559006653e-01
3.669640814458933753e-01
7.702702702702702853e-01
4.931647300068352502e-01
5.166390270867883272e-01
6.334586466165413876e-01
5.960591133004926601e-01
3.238095238095238249e-01
3.896103896103896291e-01
4.809725158562367930e-01
3.418803418803418870e-01
3.846153846153846367e-01
5.999999999999999778e-01
6.882516188714153937e-01
5.265450861195541954e-01
5.297619047619047672e-01
8.571428571428570953e-01
5.772432932469935274e-01
5.524054982817869774e-01
3.826458036984352606e-01
5.971479500891265779e-01
6.002337814143775541e-01
4.249341527655838280e-01
4.543979227523531339e-01
7.425287356321839116e-01
6.190476190476190688e-01
6.792237442922374191e-01
7.950089126559715114e-01
6.890710382513661747e-01
4.123376623376623362e-01
4.423758865248226813e-01
2.171753875968992220e-01
2.955665024630542148e-01
3.889695210449927165e-01
5.350649350649350211e-01
3.477551020408163329e-01
3.544513457556935920e-01
3.535943892460549631e-01
6.564625850340135571e-01
4.303030303030302983e-01
3.841463414634146423e-01
4.822134387351778573e-01
5.504032258064516236e-01
6.174603174603174871e-01
4.628776241679467551e-01
6.317073170731707377e-01
4.776280323450134979e-01
5.164835164835165360e-01
5.619047619047619069e-01
7.398601398601398760e-01
4.217758985200845689e-01
7.142857142857143016e-01
3.015873015873015706e-01
3.938461538461538458e-01
5.681063122923587505e-01
4.426829268292682973e-01
5.866666666666666696e-01
7.777777777777777901e-01
3.853658536585365946e-01
5.932367149758454028e-01
2.801268498942917629e-01
2.363636363636363591e-01
7.187153931339977930e-01
5.882352941176470784e-01
5.278592375366568668e-01
0.000000000000000000e+00
0.000000000000000000e+00
5.566286215978928364e-01
6.666666666666666297e-01
3.636363636363636465e-01
7.202380952380952328e-01
5.924752475247524464e-01
5.238095238095238360e-01
2.616892911010558209e-01
5.054945054945054750e-01
5.619047619047619069e-01
6.336419753086419693e-01
4.666666666666666741e-01
6.666666666666666297e-01
6.320921985815602939e-01
7.516908212560386993e-01
5.905797101449274944e-01
5.589743589743589869e-01
7.316017316017315864e-01
4.838494838494838413e-01
5.397727272727272929e-01
2.878787878787879007e-01
7.026515151515151381e-01
1.000000000000000000e+00
7.689393939393939226e-01
4.201923076923076983e-01
6.071428571428570953e-01
4.182926829268292512e-01
7.284153005464480968e-01
3.939393939393939226e-01
6.154422788605696804e-01
5.927884615384615419e-01
2.410256410256410298e-01
2.590011614401858120e-01
5.436720142602495809e-01
3.051295610787942980e-01
5.201612903225806273e-01
5.633333333333333526e-01
4.841269841269841279e-01
3.300000000000000155e-01
5.919903643480879385e-01
2.735326688815060692e-01
5.080645161290322509e-01
6.205533596837944366e-01
4.814814814814814548e-01
5.338030077225308645e-01
3.571428571428571508e-01
3.803921568627450789e-01
7.736842105263157521e-01
5.706729356450190860e-01
6.409307244843998053e-01
2.789473684210526105e-01
3.891625615763547041e-01
2.648221343873518041e-01
2.619047619047619180e-01
3.918128654970760016e-01
8.727272727272726849e-01
5.757575757575758013e-01
6.698412698412697930e-01
4.098245614035087581e-01
5.002012072434607326e-01
5.628828828828829067e-01
4.275362318840579823e-01
1.978494623655913942e-01
4.647590995160951199e-01
6.361581920903954801e-01
5.433826469412235127e-01
6.605042016806722538e-01
6.605042016806722538e-01
7.849462365591397539e-01
8.544973544973545332e-01
5.835095137420718281e-01
6.544117647058823595e-01
7.454545454545454808e-01
2.536231884057971175e-01
6.418219461697722839e-01
3.272727272727272707e-01
2.904761904761904989e-01
4.319159101767797160e-01
6.771196283391405224e-01
4.556776556776556686e-01
7.294117647058823151e-01
7.500000000000000000e-01
3.492907801418439484e-01
2.307692307692307820e-01
5.036231884057971175e-01
5.000000000000000000e-01
7.826086956521739468e-01
3.049645390070921946e-01
7.717391304347825942e-01
3.499999999999999778e-01
5.233333333333333171e-01
4.933333333333333459e-01
5.652173913043477826e-01
5.749999999999999556e-01
5.105820105820105814e-01
4.347826086956521618e-01
5.098039215686274161e-01
6.666666666666666297e-01
5.402298850574712707e-01
6.263736263736263687e-01
6.215053763440859802e-01
6.576923076923076872e-01
5.230037017451084624e-01
6.350961538461538103e-01
6.236559139784946248e-01
5.290148448043184848e-01
3.913978494623656101e-01
2.708249496981891546e-01
6.071428571428570953e-01
3.296703296703296648e-01
6.666666666666666297e-01
6.373626373626373187e-01
4.366197183098591283e-01
6.564705882352941391e-01
5.952380952380952328e-01
2.000000000000000111e-01
4.210526315789473450e-01
4.261083743842364324e-01
4.024024024024023816e-01
1.368421052631579038e-01
7.777777777777777901e-01
5.263157894736841813e-01
2.653061224489796088e-01
5.733333333333333615e-01
2.476190476190476275e-01
3.391812865497075835e-01
5.670995670995671034e-01
3.858858858858859042e-01
1.833333333333333204e-01
1.166666666666666685e-01
4.087919695396330932e-01
3.933333333333333126e-01
3.660130718954248130e-01
3.275362318840579490e-01
8.095238095238095344e-01
5.714285714285713969e-01
3.088235294117647189e-01
7.961538461538461009e-01
4.526705446853516723e-01
7.878787878787878451e-01
6.541353383458646809e-01
5.571428571428571619e-01
4.411764705882352811e-01
2.222222222222222099e-01
4.129032258064516125e-01
1.000000000000000000e+00
1.000000000000000000e+00
6.956521739130434590e-01
6.372688477951635733e-01
9.636363636363636243e-01
4.700854700854700807e-01
6.176470588235294379e-01
9.285714285714286031e-01
4.818840579710144678e-01
5.333333333333333259e-01
4.787878787878787623e-01
3.218390804597701105e-01
7.326203208556150148e-01
1.304347826086956486e-01
1.695906432748537918e-01
4.886877828054298489e-01
5.098814229249012397e-01
4.492753623188405765e-01
4.052287581699346442e-01
5.977011494252874035e-01
3.558558558558558294e-01
5.384615384615384359e-01
5.600198412698412787e-01
1.000000000000000000e+00
1.538461538461538547e-01
1.000000000000000000e+00
4.285714285714285476e-01
3.162393162393162260e-01
5.253968253968254176e-01
5.869565217391304879e-01
6.374269005847953418e-01
5.905797101449274944e-01
6.060606060606060774e-01
7.777777777777777901e-01
6.190476190476190688e-01
5.375375375375375242e-01
6.458635703918722548e-01
4.428571428571428381e-01
3.714285714285714413e-01
3.214285714285714524e-01
3.076923076923077094e-01
9.179894179894180217e-01
2.707692307692307621e-01
3.842105263157894468e-01
5.606060606060605522e-01
6.419981498612395976e-01
6.838235294117647189e-01
1.838235294117647189e-01
6.212121212121212155e-01
4.363636363636363424e-01
7.777777777777777901e-01
3.723076923076922840e-01
7.789473684210526105e-01
1.000000000000000000e+00
3.186813186813186594e-01
2.761904761904762085e-01
3.222222222222222432e-01
7.142857142857143016e-01
9.523809523809523281e-01
6.779220779220779258e-01
3.790322580645161255e-01
6.083333333333332815e-01
3.333333333333333148e-01
2.000000000000000111e-01
5.000000000000000000e-01
5.171650055370985433e-01
5.128205128205127750e-01
5.714285714285713969e-01
4.642857142857143016e-01
4.778225806451613100e-01
6.666666666666666574e-02
4.000000000000000222e-01
1.000000000000000000e+00
2.999999999999999889e-01
1.363636363636363535e-01
4.696969696969697239e-01
4.488636363636363535e-01
7.529411764705882248e-01
6.909090909090909172e-01
6.551418439716312214e-01
5.336879432624113129e-01
5.333333333333333259e-01
2.890756302521008680e-01
4.266666666666666941e-01
4.000000000000000222e-01
2.142857142857142738e-01
9.642857142857143016e-01
3.544973544973544777e-01
2.500000000000000000e-01
1.944444444444444475e-01
1.333333333333333315e-01
1.000000000000000000e+00
7.051282051282051766e-01
6.703296703296702796e-01
2.941176470588235392e-01
8.227513227513227889e-01
6.339869281045751315e-01
4.095238095238095122e-01
4.420289855072463969e-01
5.448275862068965303e-01
7.333333333333332815e-01
1.000000000000000000e+00
1.666666666666666574e-01
2.720588235294117418e-01
6.156156156156156189e-01
3.888888888888888951e-01
5.090909090909090384e-01
4.633333333333333193e-01
2.904761904761904989e-01
3.109243697478991653e-01
2.999999999999999889e-01
6.381461675579322979e-01
9.285714285714286031e-01
5.029239766081871066e-01
3.253968253968254065e-01
9.333333333333333481e-01
6.888888888888888840e-01
5.523809523809524169e-01
3.076923076923077094e-01
3.928571428571428492e-01
3.272727272727272707e-01
5.000000000000000000e-01
3.461538461538461453e-01
4.387351778656126688e-01
3.974358974358974117e-01
4.487179487179487336e-01
6.666666666666666297e-01
3.750000000000000000e-01
1.000000000000000000e+00
8.578947368421052655e-01
0.000000000000000000e+00
1.000000000000000000e+00
2.666666666666666630e-01
1.000000000000000000e+00
7.047619047619048116e-01
5.246305418719211522e-01
5.751633986928104125e-01
9.642857142857143016e-01
4.206773618538324211e-01
7.111111111111111382e-01
7.422402159244264608e-01
4.722222222222222099e-01
1.071428571428571369e-01
5.261538461538461942e-01
5.195121951219512368e-01
4.248366013071895320e-01
8.055555555555555802e-01
8.888888888888888395e-01
8.181818181818182323e-01
6.507936507936508130e-01
6.888888888888888840e-01
4.285714285714285476e-01
4.650793650793650924e-01
2.545454545454545192e-01
2.000000000000000111e-01
7.569230769230769207e-01
7.857142857142856984e-01
2.545454545454545192e-01
6.666666666666666297e-01
6.160919540229885527e-01
3.333333333333333148e-01
0.000000000000000000e+00
7.857142857142856984e-01
2.727272727272727071e-01
8.333333333333333703e-01
6.666666666666666297e-01
6.537815126050420256e-01
5.000000000000000000e-01
4.000000000000000222e-01
4.727272727272727182e-01
7.692307692307692735e-01
9.523809523809523281e-02
5.714285714285713969e-01
3.090909090909090828e-01
5.909090909090909394e-01
3.636363636363636465e-01
5.636363636363636020e-01
3.742690058479531956e-01
8.285714285714286254e-01
1.000000000000000000e+00
6.666666666666666297e-01
1.904761904761904656e-01
5.000000000000000000e-01
3.241379310344827402e-01
3.181818181818181768e-01
3.938461538461538458e-01
8.000000000000000444e-01
5.000000000000000000e-01
6.666666666666666297e-01
1.000000000000000000e+00
6.483516483516483797e-01
2.857142857142856984e-01
3.333333333333333148e-01
2.999999999999999889e-01
1.000000000000000000e+00
2.435897435897435848e-01
2.142857142857142738e-01
7.750000000000000222e-01
3.333333333333333148e-01
1.000000000000000000e+00
1.000000000000000000e+00
1.000000000000000000e+00
5.000000000000000000e-01
2.179487179487179516e-01
4.722222222222222099e-01
0.000000000000000000e+00
7.952380952380951884e-01
6.666666666666666297e-01
7.307692307692307265e-01
6.999999999999999556e-01
5.999999999999999778e-01
3.333333333333333148e-01
0.000000000000000000e+00
2.571428571428571175e-01
5.641025641025640969e-01
2.727272727272727071e-01
5.000000000000000000e-01
0.000000000000000000e+00
1.000000000000000000e+00
0.000000000000000000e+00
3.333333333333333148e-01
7.376344086021505708e-01
4.000000000000000222e-01
1.000000000000000000e+00
3.571428571428571508e-01
4.285714285714285476e-01
1.000000000000000000e+00
0.000000000000000000e+00
5.000000000000000000e-01
2.000000000000000111e-01
6.666666666666666297e-01
9.047619047619047672e-01
5.000000000000000000e-01
5.000000000000000000e-01
1.000000000000000056e-01
3.333333333333333148e-01
1.000000000000000000e+00
6.666666666666666297e-01
0.000000000000000000e+00
8.095238095238095344e-01
1.000000000000000000e+00
8.000000000000000444e-01
1.000000000000000000e+00
7.121212121212121549e-01
6.666666666666666297e-01
4.222222222222222210e-01
1.666666666666666574e-01
0.000000000000000000e+00
4.000000000000000222e-01
0.000000000000000000e+00
0.000000000000000000e+00
3.333333333333333148e-01
0.000000000000000000e+00
1.666666666666666574e-01
0.000000000000000000e+00
1.000000000000000000e+00
1.000000000000000000e+00
1.000000000000000000e+00
4.761904761904761640e-01
0.000000000000000000e+00
0.000000000000000000e+00
0.000000000000000000e+00
1.000000000000000000e+00
0.000000000000000000e+00
0.000000000000000000e+00
0.000000000000000000e+00
0.000000000000000000e+00
