2495 598 0
1473 1570 1
1000 748 1
2951 1693 0
1000 522 1
2422 1260 0
1661 1362 1
149 917 1
275 422 0
284 1513 1
325 1509 1
2752 2808 0
2780 2558 1
167 317 0
390 147 1
179 1921 1
1900 1230 0
1361 1692 0
749 3 0
3255 1046 0
3170 1260 0
2346 3129 0
445 439 1
968 969 1
1034 1666 1
1461 628 1
1622 600 0
2476 2590 1
3120 246 0
2048 1906 1
2611 600 0
2181 2865 1
494 767 1
310 272 1
1790 1927 1
573 829 1
511 690 0
314 661 1
1256 1818 1
2018 3236 0
3047 2735 1
115 64 0
1073 1075 1
1384 341 0
207 499 1
443 586 1
2351 3013 1
170 494 1
1784 1786 1
1394 2136 1
2779 1844 0
2746 2349 0
2810 1692 0
1222 1803 1
2294 1260 0
1011 1034 1
1787 1789 1
3288 3287 1
2894 3048 1
1070 1396 0
2456 2552 1
289 533 0
180 176 0
1383 1649 1
2264 2223 1
413 2466 1
19 667 0
1778 1693 0
1564 1563 1
504 747 1
2175 2077 1
2373 1844 0
1723 3044 0
335 118 0
1669 1692 0
2732 2526 1
1659 1294 0
1215 1980 0
230 40 0
3108 1260 0
1572 1705 0
1189 1657 1
1365 1744 0
551 679 1
587 814 0
697 364 1
2781 1260 0
1173 2954 0
2152 1260 0
1972 1643 1
1927 2022 1
325 637 1
822 125 1
250 511 0
1900 1221 1
105 106 0
2061 1693 0
1320 1131 0
567 1383 0
3033 3202 1
1522 1323 1
3037 1602 0
2603 2652 0
453 300 0
2769 598 0
94 702 0
1440 1083 1
1267 1724 1
1150 1659 1
1990 1311 1
2135 1194 1
2203 2911 1
1682 57 1
2490 1692 0
2710 2761 1
916 97 0
44 632 1
1171 1961 0
2861 1693 0
3142 1692 0
2175 1917 0
2026 1327 0
746 390 1
1411 1615 1
239 203 1
3147 3148 0
2929 3019 0
1386 1757 1
1906 3123 1
293 928 0
341 1358 0
3129 2734 0
2132 2133 0
2389 2808 0
579 788 1
1818 1604 0
2221 3115 1
2756 3119 1
1741 1740 1
3228 2344 0
3018 2808 0
2475 1260 0
1681 1512 0
2459 2734 0
2868 608 0
1679 1475 1
1784 1928 1
1211 1621 0
2198 2734 0
2071 1276 0
2166 1133 0
1003 198 0
244 259 0
263 311 1
470 364 1
2108 1260 0
2853 1844 0
907 493 1
315 313 1
789 24 0
484 526 0
2735 1260 0
1933 865 1
2096 873 0
655 1007 1
2783 3129 0
2694 1260 0
701 390 1
2301 600 0
700 699 1
2705 3286 0
9 158 1
366 85 1
3287 1260 0
566 122 0
194 3122 1
96 913 1
1426 2119 1
772 302 0
2438 3244 1
1775 1174 0
697 700 1
56 505 1
725 1247 0
62 2593 1
54 999 1
1083 1939 1
2822 2928 1
1038 1404 1
493 979 1
3131 2808 0
1980 1285 1
2033 2050 1
2235 2992 1
2159 1739 0
31 1489 1
882 2082 0
2372 598 0
2741 2808 0
3229 3230 1
2858 1844 0
428 839 0
2181 648 1
577 1857 1
493 743 0
1045 1954 1
951 277 1
1427 1967 0
14 1630 1
3219 3129 0
625 229 1
2093 1440 0
394 940 1
769 538 1
3154 2808 0
1233 1693 0
152 566 1
617 328 1
3146 3295 1
2784 2432 1
49 187 0
2170 1118 0
2578 2696 1
1261 598 0
1493 1019 0
1068 1209 1
1784 2022 1
1502 1575 0
1292 1953 1
420 1693 0
478 270 0
1645 1487 0
1288 1052 0
822 412 1
1270 2808 0
290 540 0
660 226 0
2135 2070 0
5 603 1
575 574 0
1876 1305 0
1069 1693 0
954 415 0
2496 2808 0
20 663 1
3273 2808 0
2197 1693 0
1100 1634 1
61 258 0
2367 3108 0
297 3015 1
1406 1584 1
320 730 1
1818 1560 1
59 604 1
64 498 0
2957 2955 0
157 252 0
3048 2290 1
983 187 0
323 513 1
2663 1260 0
2382 1794 0
69 516 1
2228 1693 0
1374 522 1
1468 1260 0
573 929 0
1406 1941 1
1223 1137 0
634 503 1
1850 88 0
653 2895 1
780 1895 1
2131 963 0
423 588 0
1259 1617 0
1183 1841 1
1429 600 0
2365 1260 0
2981 2452 1
2396 2810 0
1497 1844 0
71 939 1
1919 1920 1
1870 370 0
3292 1693 0
1035 1693 0
1502 1844 0
698 95 1
1285 2050 1
1035 1491 1
2633 1260 0
2997 2331 0
2378 2684 1
697 905 1
395 778 0
1920 600 0
2931 2497 1
1079 1245 1
779 887 1
2562 2448 0
2260 2337 0
235 1568 1
698 700 1
727 968 1
444 94 1
392 685 0
1170 3305 0
286 545 1
3237 1693 0
67 176 1
847 983 1
1357 2774 1
947 127 0
2985 2984 1
2108 1693 0
516 805 1
1512 1710 1
1023 1260 0
1944 1178 1
631 935 0
79 278 1
970 559 0
1256 1206 1
2996 3233 1
2899 600 0
3054 3052 0
1761 1460 1
2220 1260 0
25 655 1
1009 659 1
2468 3204 1
1265 2072 0
1336 1863 1
580 338 1
9 970 1
776 883 1
1877 1575 1
1896 1260 0
3099 3098 1
1628 1752 1
152 266 1
2860 1005 1
634 236 0
1723 2765 0
1362 2734 0
1346 1260 0
1407 1179 1
1201 1693 0
452 3117 0
1000 106 0
2184 2356 1
2171 2170 0
871 525 0
491 961 0
3217 615 1
2628 1260 0
1694 2808 0
1619 1260 0
1757 1358 0
1132 1860 1
2408 2734 0
1075 1169 1
573 572 1
1398 2019 1
39 1010 1
1759 1947 1
204 650 1
1646 1562 0
2804 2808 0
1875 1987 0
461 357 0
86 780 0
1100 2105 1
2764 1692 0
312 315 1
828 37 1
2607 598 0
1703 1308 0
2202 3162 1
992 2401 0
1654 1780 0
640 799 1
1282 31 1
1691 1992 1
265 501 1
1716 1082 1
1585 1844 0
1270 1259 0
1193 1857 1
1944 1870 1
3025 1844 0
439 251 0
926 483 1
1606 1818 0
1774 2734 0
3303 2976 1
697 439 1
530 2987 1
3143 2964 1
2207 2855 1
1833 1656 1
184 748 0
805 911 0
1247 218 1
2165 1634 1
467 767 1
569 866 1
753 195 1
202 386 1
157 641 1
2080 1333 1
1043 2139 1
3308 1260 0
469 28 0
2321 1844 0
3140 1260 0
1089 1500 1
3254 2808 0
2965 1260 0
1936 1693 0
1054 1693 0
3174 905 0
2794 2289 1
2414 1693 0
3189 2366 1
1462 1605 0
1571 2006 1
1123 1864 1
1631 1937 0
1569 1472 0
2707 1693 0
299 468 1
488 955 1
2930 2471 1
2476 2178 0
185 2207 0
704 239 1
1970 1399 1
2043 1366 1
236 232 0
389 936 1
1709 1827 0
1175 2173 1
1793 1777 1
566 471 1
2353 2565 1
1781 1124 0
160 753 1
1299 1260 0
3144 2808 0
3296 853 1
300 41 0
521 668 0
2806 1260 0
1761 1526 1
2202 31 1
1684 1878 1
1024 1527 1
1192 1844 0
3148 3147 0
2665 464 0
542 187 0
1608 57 1
888 372 1
56 78 0
3106 2808 0
1153 1629 1
1159 1257 1
167 291 1
2369 3070 1
137 416 1
1633 3009 0
3253 2808 0
255 932 0
546 788 1
2287 1693 0
0 514 1
730 942 1
847 436 1
313 38 0
1416 1234 1
3257 600 0
1414 1415 1
51 747 1
1636 57 1
2944 2808 0
979 242 1
2539 3042 1
392 406 0
1122 2880 0
1403 1390 0
1357 471 1
1029 1401 0
1628 206 1
673 711 1
1257 1880 1
633 54 0
2262 600 0
2490 2578 1
907 979 0
263 768 1
260 33 1
883 1844 0
396 397 1
1359 1735 1
558 742 0
306 520 0
262 797 1
2009 1626 1
1146 1692 0
1555 2808 0
2854 2808 0
722 721 1
127 471 1
681 2790 0
67 998 1
1114 2084 0
771 3041 0
848 983 1
1518 1519 1
2970 3210 1
1580 2873 1
1509 615 1
1800 1693 0
3268 2808 0
2137 600 0
1948 1825 1
1789 2363 1
2582 2662 1
3010 1693 0
411 410 1
1580 1366 0
2327 1692 0
697 547 1
2138 1260 0
657 831 0
1148 1687 1
369 477 1
2580 2770 1
1518 598 0
1113 1844 0
3107 2839 0
1390 1672 1
2358 2808 0
78 430 0
1223 1972 0
936 467 0
2209 3129 0
871 755 0
2222 2567 1
1728 1627 0
2015 1260 0
1079 1651 1
1122 1478 0
2881 3135 1
2747 600 0
334 973 0
3110 2555 1
2437 3165 1
1243 1706 1
2665 738 1
1374 1726 1
354 2584 0
85 699 1
313 850 1
2627 1260 0
2801 1693 0
478 925 0
1762 1248 0
2193 1844 0
124 881 1
1214 2004 1
1332 2111 0
2379 1260 0
782 1254 0
2433 1692 0
987 275 1
2185 2539 1
1345 3129 0
310 699 1
646 179 1
964 612 1
846 848 1
517 382 0
1478 1015 0
1757 1566 0
1893 1634 1
2487 3185 1
1282 179 1
1441 2170 0
2451 2734 0
421 353 1
1970 1398 1
1276 1940 0
122 471 1
593 847 1
1342 2734 0
1683 1325 1
2278 905 1
1477 1909 1
285 896 1
1310 2116 1
636 467 0
3100 1844 0
3118 2734 0
50 93 0
854 753 0
1625 1810 0
54 275 1
3015 2720 1
1338 1844 0
1390 1688 1
620 988 0
1175 1385 1
773 929 0
1611 1693 0
1287 1451 1
1249 275 1
3083 3084 1
1929 1698 1
1837 1838 1
162 754 0
1465 1298 1
1075 1220 1
519 847 1
682 239 1
1903 2032 1
336 598 1
2871 2808 0
3105 3220 1
754 62 0
3297 2685 1
2376 2808 0
2811 1693 0
2498 2212 0
2529 2105 0
979 885 1
1084 2158 1
2520 3024 1
1237 3129 0
1161 2808 0
751 563 0
153 291 1
2914 598 0
311 2530 1
1009 729 1
1344 2916 0
3130 3131 1
997 600 0
1857 965 0
1522 1260 0
3101 1260 0
1673 1959 1
680 1005 1
1013 1500 0
3117 3043 1
253 390 1
3080 2745 0
219 221 0
1918 2159 1
201 838 1
2376 2965 1
635 2808 0
2941 600 0
1463 1590 1
1650 1282 0
667 666 1
1129 1969 1
965 52 0
123 268 0
91 795 1
1182 1260 0
1239 1991 0
97 949 1
1489 218 1
492 995 0
3301 2638 0
673 525 0
1531 2658 1
2476 2808 0
587 643 0
1141 1246 0
678 867 1
1459 1104 1
861 860 1
2476 2736 1
442 275 0
1562 1321 1
1163 1347 0
778 396 1
804 805 1
1584 1658 0
557 897 1
847 484 1
516 390 1
368 489 0
432 855 1
1138 2168 1
592 1226 1
2014 1486 0
1741 1766 0
2730 1260 0
1075 1199 0
2504 1693 0
1773 1844 0
1359 1737 1
691 13 0
146 907 1
1150 1294 1
2690 2808 0
1921 1664 1
2210 1707 1
36 329 1
922 285 0
1982 1437 1
719 209 0
918 244 0
685 905 1
515 375 1
2784 3031 1
2564 2359 1
2653 1692 0
1980 1453 0
2075 2049 1
1556 2810 0
866 814 1
326 637 1
954 379 1
51 597 1
555 902 1
1926 1889 0
769 796 1
364 745 1
2889 1260 0
2390 3125 1
697 85 1
2792 1260 0
190 1693 0
2460 79 1
2279 3129 0
1618 1452 1
1280 1260 0
642 959 0
1541 2810 0
1341 1435 0
1312 2199 0
1514 1816 0
51 481 1
2064 30 1
5 97 1
2403 1692 0
1175 2174 1
333 721 0
3092 1693 0
2855 199 1
1353 1965 1
3167 600 0
3303 1489 0
2501 3180 1
1272 1649 1
30 2149 1
685 687 1
2259 2427 1
788 847 1
1087 1693 0
1107 1392 0
149 327 0
594 307 0
2102 1260 0
977 408 0
1134 1916 0
1193 1126 0
1809 1692 0
323 109 1
189 253 0
962 2806 0
758 193 1
1693 3129 0
2970 1814 0
2178 2736 1
2526 1260 0
2926 2808 0
400 405 1
1214 2006 1
2248 2733 0
2740 1260 0
185 3117 0
47 213 1
962 3146 0
1079 1227 1
2854 1260 0
746 772 1
2247 1693 0
832 601 0
592 739 1
1255 1116 0
602 535 0
2764 3224 1
287 675 1
1372 2808 0
1862 1260 0
2861 600 0
619 920 1
2183 845 1
2278 3040 1
1640 1694 0
833 39 0
1423 2050 1
868 925 1
1085 1693 0
3076 600 0
2259 2744 1
1753 1948 0
1352 2806 0
1925 2075 1
382 253 0
1619 1844 0
1635 1260 0
3042 1844 0
236 882 0
481 439 1
785 526 0
350 615 1
1227 1245 0
892 703 1
31 297 1
2643 2808 0
3156 460 1
1957 1026 1
86 26 1
418 144 0
1155 1213 1
390 557 1
2935 2180 1
883 600 0
2227 1844 0
1093 1693 0
2100 2102 1
355 747 1
1611 1260 0
328 835 0
1216 1675 1
2338 1844 0
2207 183 1
1050 1544 0
255 214 0
21 934 0
1013 1417 1
106 987 0
28 275 1
2379 2721 0
2006 2109 1
144 412 0
393 1260 0
2172 598 0
1446 1361 1
2627 3018 1
972 362 0
269 878 1
732 295 1
1379 1504 1
2910 2451 1
1040 1076 1
2942 2808 0
3065 600 0
1300 2080 1
1275 1844 0
2041 1168 0
121 866 1
1174 1776 1
265 502 1
251 364 1
1500 1163 1
1414 1791 0
896 390 1
1531 1632 0
1897 2969 1
2232 3033 1
471 1282 0
8 868 1
2139 1634 1
248 681 1
2354 1844 0
771 602 0
601 964 0
5 63 1
697 285 1
2869 3170 1
336 929 0
520 847 1
753 874 1
1103 2103 1
1869 1260 0
2025 2052 1
0 690 1
78 534 1
653 225 1
1718 1209 0
1142 1693 0
2224 3022 1
2057 327 0
1886 1870 0
1290 2031 0
993 2647 0
22 668 1
810 822 1
139 731 1
272 780 1
1609 1972 1
3057 2540 0
3038 600 0
1524 1934 1
714 616 1
1545 1725 1
1109 1248 0
1088 1499 0
1043 1828 1
2723 2722 1
3114 1260 0
1176 1896 1
1092 2009 1
619 156 0
1004 977 0
2166 1170 1
1212 1850 1
2587 1844 0
835 908 0
639 799 1
1248 1081 0
880 221 0
1913 2143 1
937 856 0
1717 1728 0
220 349 0
293 651 1
1670 1693 0
2848 1844 0
1374 1464 0
1528 1690 1
1402 1693 0
122 541 0
1772 1224 0
939 506 1
1788 780 1
1340 1260 0
1720 1986 0
2553 2432 0
2909 2980 0
1107 1425 1
917 112 1
2386 2808 0
306 615 1
1958 1959 1
512 513 0
1380 1367 0
3074 2507 1
885 493 0
986 875 1
213 921 0
1548 1260 0
768 1876 1
633 48 0
1046 1891 1
494 1003 1
1920 1855 1
606 713 0
2072 1709 1
2217 3037 1
548 986 1
885 242 0
472 16 0
65 992 1
2199 2593 1
331 66 1
1475 1411 0
851 543 1
627 823 1
316 410 1
2257 2244 0
324 1701 1
1745 1681 0
670 2808 0
223 709 0
1080 1195 1
2569 2729 1
2182 1693 0
382 439 1
2732 1260 0
1203 2151 1
332 871 0
518 552 0
2507 3175 0
2713 2653 1
481 482 1
189 702 0
2066 30 0
2272 1844 0
2916 1344 0
3212 2208 1
2682 2684 1
520 527 0
1487 1794 1
1686 1844 0
896 922 1
1741 1282 0
2950 2956 1
1041 2036 1
2942 600 0
42 489 0
212 414 0
1975 1973 1
1102 1673 1
94 439 1
284 1710 0
88 154 1
2755 1260 0
1858 1857 1
2593 1493 0
1406 1367 1
3050 3049 1
183 2641 0
2002 2003 1
410 492 0
1015 2093 1
510 2812 0
2188 3300 1
242 436 0
28 105 1
2216 1693 0
2619 1693 0
1349 600 0
541 797 0
421 1646 1
1626 1224 1
1384 1358 0
1432 2151 1
1336 1005 1
2020 600 0
495 19 1
31 179 0
500 643 0
1286 2657 1
355 772 1
2550 3006 0
144 453 1
1015 1083 0
1449 1539 0
1376 1990 0
2373 1260 0
1397 3008 1
105 999 1
2625 1844 0
758 760 0
24 423 0
20 831 0
64 239 1
858 781 1
1188 1918 1
3043 3111 1
1614 1615 1
5 329 0
535 602 0
1986 308 1
734 752 0
2962 2808 0
1168 1511 1
2094 1917 0
105 987 0
463 902 0
3144 598 0
208 75 0
1240 863 0
1236 1088 1
2345 1693 0
3020 389 0
750 495 0
2055 2808 0
291 3130 1
1759 1486 1
1079 1742 1
1173 2955 1
2112 2110 1
2937 2659 1
1593 1692 1
3170 1693 0
1003 247 1
3168 3290 1
1359 1657 1
1437 1693 0
78 289 0
2419 2980 0
1714 616 1
659 743 0
137 499 0
2768 2315 1
2944 2542 0
584 932 0
1683 1684 1
123 547 1
562 534 0
1258 1571 0
410 241 1
1543 1662 0
2272 3088 0
1956 669 0
1344 1382 1
2724 2676 0
1675 1421 0
268 561 1
2593 1019 0
252 163 0
2211 1844 0
683 3130 0
481 747 1
253 259 0
264 99 0
1314 1731 1
1536 1636 0
714 999 1
1100 1723 1
1727 1064 0
2687 1260 0
2591 2233 0
1686 1559 1
3115 2513 0
2165 1828 0
2941 1260 0
616 572 1
1268 1331 0
2721 3286 1
54 422 1
722 330 0
2959 2957 1
1562 1260 0
1039 1212 1
2007 1011 0
180 456 0
520 761 0
1374 1943 0
899 390 1
3105 600 0
2397 2808 0
3066 3067 1
150 1701 1
1494 2125 1
1740 646 0
1080 1189 1
506 938 1
2447 1531 0
284 429 1
54 67 1
1506 1507 0
1647 1260 0
106 390 1
1040 1078 1
3064 2637 1
2363 1692 0
1829 1693 0
1654 1789 0
3089 2808 0
2819 2734 0
2583 354 0
2036 1844 0
2832 2286 1
3209 1844 0
306 3205 0
1257 1852 1
200 929 0
2553 2784 1
2460 2328 0
1144 2105 1
1198 2494 1
1472 1473 1
768 728 1
564 132 1
1273 1106 0
666 1260 0
1478 1528 1
608 254 0
514 173 1
2531 2533 1
57 1038 0
446 1693 0
2150 1203 0
3169 2720 0
1811 1764 1
9 933 0
271 488 1
332 87 0
743 237 0
887 2728 1
1461 1648 1
1581 2041 0
1390 1148 1
1005 934 0
105 748 1
2395 1844 0
1186 1806 1
1527 1077 1
2505 2734 0
202 933 1
1907 1844 0
697 887 1
1350 1584 0
203 63 0
1261 1750 1
2278 1198 1
443 422 0
1400 2019 1
516 745 1
63 329 1
297 266 1
1226 1322 1
901 463 0
422 554 1
1097 1693 0
2752 2889 1
287 337 1
2775 1260 0
2704 1693 0
2223 2491 1
2077 2808 0
2524 1844 0
1144 1431 0
3156 2361 0
2149 1921 1
1865 1844 0
390 576 1
2039 1844 0
1302 1125 1
1317 1676 0
3142 1260 0
2721 2379 0
632 478 0
2420 3165 0
436 187 0
465 2808 0
2972 3220 1
1003 211 0
432 915 1
1057 1721 0
3213 3214 0
1716 1717 1
2845 3235 1
519 511 0
2896 2897 1
223 483 0
77 916 1
3132 2423 0
2700 600 0
899 254 0
26 263 1
148 177 0
2052 1827 0
486 1260 0
130 1498 1
1489 876 1
2930 1260 0
144 879 0
759 720 1
3038 2808 0
1098 1661 1
2896 1844 0
1788 1165 1
1446 1447 1
2448 1693 0
1180 1260 0
1540 1799 1
2780 3022 1
1406 1731 1
1770 1771 1
860 240 0
1436 600 0
2840 2699 0
3266 3268 1
1849 1216 0
2921 1692 0
1867 1246 0
2898 1693 0
343 869 1
689 829 0
127 297 1
2733 2349 1
1806 1805 1
2782 1693 0
2540 3057 0
850 59 0
2837 2838 1
2878 3278 1
1299 1051 0
1270 1692 0
2524 2808 0
56 1824 1
601 834 1
175 600 0
1621 2137 1
3257 2414 1
462 390 1
2416 2629 1
3283 2808 0
3167 2334 1
416 142 1
600 682 0
857 847 0
282 631 1
1113 1260 0
893 38 0
342 770 0
702 439 1
2101 1693 0
2306 2356 1
731 493 0
2633 2808 0
1293 1930 1
1967 1417 0
1954 1470 1
2102 1693 0
1832 3129 0
732 289 1
291 708 1
402 2487 0
1432 1964 0
2530 263 0
1010 764 0
310 123 1
574 549 1
1059 1380 1
2055 1260 0
2802 3092 1
1845 2000 1
106 554 1
3015 3014 1
411 230 1
1067 1251 1
99 952 1
2830 2291 1
2603 2809 1
630 629 1
2121 1299 1
1794 1793 1
773 221 0
2791 3208 1
2887 2424 1
2053 769 0
3225 3129 0
2072 2054 1
275 522 0
487 489 0
2024 1046 1
1661 2012 0
1524 1254 1
55 972 1
1869 1919 0
3068 3069 1
1433 1918 0
2339 378 1
882 3028 0
541 1232 0
1524 1050 0
2055 2056 1
1478 441 1
1792 2816 0
2913 1692 0
2802 1693 0
2313 598 0
8 1986 1
1969 3041 0
2639 162 0
73 3129 0
2031 1238 1
1643 1964 0
1662 2811 0
1517 1335 1
842 155 0
1731 1735 1
1887 1888 1
2932 600 0
1650 646 1
364 234 1
363 390 1
1570 1304 0
1196 2093 0
2324 1260 0
970 568 0
771 770 1
1322 2734 0
2396 3129 0
2258 2476 1
1462 1692 0
145 822 1
1711 1693 0
659 986 1
145 125 0
462 556 1
484 181 0
807 136 0
1372 2088 1
1273 1668 1
2221 2812 0
866 816 1
231 219 0
234 571 1
2969 210 0
686 1876 1
905 2081 1
2590 1260 0
1925 2049 0
2762 2265 0
1182 600 0
2657 2658 1
2662 3129 0
2686 1876 0
3212 2375 0
687 2686 1
363 765 1
22 455 1
1479 2011 0
253 483 1
1961 1171 0
70 211 0
1128 1590 1
167 639 1
1045 1453 1
3011 1844 0
1651 1227 0
3105 1260 0
173 384 1
1494 108 1
196 973 1
2599 2979 1
2016 1692 0
2867 1693 0
613 488 0
404 1859 1
189 382 0
2668 3191 0
2205 2899 1
1749 1844 0
2875 2914 1
1355 1414 1
147 221 0
1494 1577 1
2245 2483 1
2799 3128 1
442 184 0
2456 3293 0
2719 2718 1
2575 1260 0
360 419 1
3011 600 0
2955 2251 1
180 688 1
1257 1844 0
2108 2808 0
2014 1561 0
635 961 1
1999 1976 1
3204 2808 0
2544 1260 0
1693 1260 1
432 433 1
547 244 1
2297 598 0
51 470 1
1135 1154 1
1426 1536 0
302 251 1
2044 1799 1
1426 598 0
6 91 0
1477 2808 0
293 396 1
2653 3256 1
3246 3245 1
2110 1258 0
2756 2336 0
2263 2951 1
2631 2481 1
987 699 1
3157 1693 0
1275 1924 1
2024 1967 0
3018 1693 0
1524 1581 1
1509 327 1
164 423 0
158 970 1
566 796 0
3149 3150 1
2229 2597 1
2043 1277 1
2848 1807 0
357 888 1
1199 471 1
2376 1844 0
1705 2080 1
1991 1895 1
1590 1149 0
2236 1693 0
213 293 1
12 777 1
2278 1469 1
2784 3094 1
608 413 1
1174 1392 0
2108 600 0
616 998 1
65 218 1
1801 2168 1
573 459 1
641 719 1
344 2571 0
2534 2390 0
447 93 1
1565 1110 0
1520 1233 1
2030 1260 0
286 544 1
1286 1891 0
444 182 0
1314 1735 1
7 616 1
2081 1876 1
936 756 0
78 505 1
2282 855 1
1957 1710 0
1921 1895 0
30 646 0
1305 2161 0
1636 1682 1
3203 2322 1
2802 3129 0
793 792 1
714 748 1
514 384 1
1040 1037 0
1461 2004 1
925 478 0
2560 2581 1
332 439 1
184 694 1
2850 2734 0
1009 241 0
1611 2734 0
1533 450 0
2340 876 0
573 390 1
2661 2808 0
1203 1964 1
3193 3129 0
1381 2079 1
1724 1677 1
1094 1676 1
1073 3129 0
2098 2071 1
1659 1506 0
2109 2005 0
3170 2936 0
2574 2651 1
203 498 0
1083 1373 1
2853 3129 0
488 367 1
1678 1850 0
2728 891 1
2715 1693 0
1871 2734 0
831 886 1
1019 2064 1
2185 1844 0
1032 2117 1
3103 1858 0
11 387 1
976 355 1
1420 3107 1
375 629 0
2918 600 0
554 442 0
381 605 1
516 1004 1
2380 1260 0
629 985 1
390 291 0
764 919 1
2668 2669 1
2314 3282 1
2609 2807 0
2805 3113 1
499 416 1
2163 1693 0
3106 1260 0
494 467 0
980 226 0
541 127 0
2241 1693 0
1155 1844 0
2258 1844 0
2353 1844 0
1978 2149 0
3310 1693 0
678 1720 0
1114 2058 1
1078 1599 1
2415 905 0
281 822 1
692 2651 1
2952 2503 0
828 462 1
1060 1123 1
2119 1450 1
2291 2808 0
3283 3284 1
1336 1004 1
2272 1693 0
1490 2052 1
1000 390 1
3194 1693 0
2399 218 0
3310 600 0
438 302 1
950 833 0
2088 1260 0
364 439 1
213 447 1
2453 2734 0
356 390 1
1152 1844 0
1922 1692 0
40 480 1
1308 2049 1
323 173 0
365 799 1
2303 1844 0
146 418 1
1141 1866 1
2153 1693 0
444 439 1
710 449 0
1471 1260 0
1724 876 1
574 616 1
35 884 0
1818 1206 1
2176 1260 0
381 798 0
2676 1693 0
2457 3129 0
1862 600 0
157 783 0
2005 2006 1
378 645 0
686 769 1
3062 1260 0
1024 1693 0
1491 1693 0
683 216 0
2770 354 1
1514 1989 1
525 390 1
2101 2734 0
1129 1631 1
2463 2668 0
355 977 1
2081 1305 1
595 847 1
685 769 1
1979 1989 0
3235 2734 0
1613 1685 0
1990 1001 0
3117 2419 0
2398 1260 0
3040 2494 1
31 2774 1
2739 715 1
1195 1657 0
1059 1378 1
2600 3109 1
297 797 1
2481 3129 0
1542 1134 0
1090 1200 0
1560 3258 0
1430 3129 0
2677 79 1
1213 2734 0
1705 1617 1
1162 1517 1
3293 1260 0
2342 332 1
460 86 1
556 2894 1
1516 604 0
657 663 1
1101 1441 1
3121 3122 1
136 807 0
952 518 1
1236 1396 1
2955 2952 1
1655 1134 0
2 962 1
2339 2596 1
2606 600 0
2466 1260 0
70 659 1
868 677 1
2221 3080 0
2135 2141 1
151 15 0
2362 1693 0
434 843 0
2177 2903 1
3075 1260 0
182 390 1
351 416 1
1038 1636 1
987 54 0
2444 3168 1
2541 2902 1
935 959 0
1322 592 0
802 504 0
2420 215 0
117 1260 0
1517 2021 0
2867 2734 0
670 205 1
2315 600 0
1491 1692 0
1147 1952 1
1332 2005 1
406 789 1
3002 2734 0
1376 600 0
86 539 1
1717 1887 1
1731 1657 1
939 940 1
585 783 0
99 164 0
1804 869 0
730 187 0
1060 1260 0
592 32 1
2255 3129 0
2534 2609 1
597 253 0
97 916 0
2311 2808 0
71 506 0
3129 1844 0
1689 1830 1
1262 1509 1
481 1005 1
551 100 0
40 146 1
2031 946 1
1168 1544 1
2213 2244 1
65 725 0
3158 339 1
1627 1844 0
3177 2428 0
1693 1844 1
1455 2072 1
1493 1738 1
3301 2808 0
1862 1430 1
673 905 1
3031 3094 0
290 252 1
2479 1692 0
322 687 0
2910 2808 0
1352 1539 1
2930 600 0
810 448 1
2264 1844 0
3060 3062 0
2485 2310 0
465 2734 0
1525 1479 0
1528 2738 1
153 714 1
2492 600 0
2215 598 0
2361 130 1
1468 1693 0
343 1804 1
129 589 1
1619 1188 1
1814 1690 1
1101 2170 1
1621 1069 0
482 364 1
2860 680 0
1801 1633 1
1877 1260 0
109 512 0
1569 1570 0
275 999 0
2271 1260 0
2666 1260 0
750 979 1
153 699 1
233 254 0
2579 351 1
487 950 1
1757 341 0
1013 2024 1
606 199 1
2501 3036 1
107 501 0
326 325 1
2898 614 0
1475 1307 0
1893 2165 0
3181 2866 1
2319 3278 0
291 746 1
975 174 0
2817 2472 1
2261 1844 0
1895 1664 0
1099 1768 1
1769 57 1
2863 2705 0
1583 1359 1
3055 1844 0
351 2407 0
3242 2808 0
2992 2808 0
3120 600 0
1249 1000 0
1536 2119 1
2716 1260 0
2363 2927 1
1921 1474 1
2666 1844 0
400 693 1
339 2799 1
2316 1004 1
2563 2562 1
1609 2133 0
3259 1693 0
294 1844 0
729 847 1
12 364 0
2302 2506 1
2958 2954 0
1896 1393 1
1906 2826 1
1154 1747 0
493 885 0
3204 1844 0
1349 2124 1
2863 3130 0
1464 1526 0
1701 327 1
3265 1692 0
361 2734 0
2395 3181 1
1247 876 1
1191 1727 1
853 1572 0
184 1249 1
97 329 1
258 1693 0
2744 2427 0
633 714 0
779 1895 1
655 537 1
1022 1907 1
1600 1599 1
1784 1402 0
83 136 0
2747 2748 1
456 698 1
502 664 1
1087 1494 0
516 746 0
1995 1179 0
2826 3123 1
669 439 1
1396 1058 0
35 814 1
394 847 1
2092 2808 0
2118 1242 1
327 637 1
1243 628 1
2502 2808 0
1634 1695 0
2244 1634 1
691 519 1
1315 2808 0
89 788 1
2491 1693 0
1790 1928 1
146 416 1
2863 3131 1
2829 2933 1
3296 1916 0
714 1000 1
1183 1202 1
2545 3274 1
1612 1258 0
1702 1844 0
2452 2734 0
3138 2981 0
291 317 1
1364 1367 0
1529 2169 1
968 768 0
2360 2839 1
738 588 0
1962 1171 0
1964 2049 1
3211 3212 0
615 3205 1
3248 1844 0
459 572 0
1443 1535 1
1754 1260 0
794 584 0
924 222 1
0 954 1
1197 1586 0
655 561 1
2541 2808 0
0 415 1
1183 1837 1
1347 1500 1
1325 1684 0
970 824 1
1611 2155 1
1867 1866 1
533 289 0
90 862 1
874 195 0
2909 2419 0
2149 1979 1
2105 2216 0
1931 2420 1
910 746 0
1822 2070 0
2887 1693 0
1120 1604 1
1424 1752 0
90 1631 1
182 130 1
1962 1066 1
2756 851 1
1920 1721 0
1071 1731 1
2375 2269 1
2714 2939 1
1062 1410 0
260 290 1
1678 2073 1
501 291 1
72 600 0
3291 1824 0
2995 3009 0
390 248 1
264 814 0
1856 1844 0
1731 1737 1
3266 185 0
2259 354 1
116 570 0
1236 1500 1
2029 2808 0
1456 1228 1
804 772 1
3223 1844 0
1225 1679 0
582 2808 0
3086 1693 0
2703 2864 0
2654 1529 1
2892 1260 0
1047 1442 1
748 699 1
1089 1347 1
263 796 1
476 742 0
2073 1198 0
1007 664 0
1929 3123 0
729 737 1
1998 1850 1
2375 3216 1
266 3191 1
650 957 1
2246 1260 0
2319 2877 1
1038 1769 1
648 1012 0
1302 2657 1
1013 1967 1
1494 173 0
2986 2454 0
126 243 1
673 291 1
209 641 1
680 439 1
1470 1617 0
708 223 1
527 181 0
2119 1844 0
1593 598 0
2175 2049 1
601 17 1
332 799 1
655 502 0
1711 2099 0
1998 887 1
1728 1717 0
9 260 1
475 236 0
1286 1532 1
743 495 1
1745 1512 0
2987 2730 1
1014 1680 1
1497 1693 0
269 1545 0
2504 1260 0
469 554 1
380 655 0
302 911 1
2549 2452 0
1531 2168 0
59 526 0
1612 1224 0
2292 1897 0
3090 1260 0
153 28 1
1796 2811 0
2146 2162 1
2175 2122 1
1058 1070 0
287 846 1
1336 1597 0
2477 3259 1
1414 1476 1
2575 1693 0
1636 1047 1
1813 2951 0
2419 3043 1
1561 1486 0
390 608 1
1023 1875 1
2070 1367 0
1412 1881 0
932 794 0
2350 2907 1
1528 2970 1
1021 1260 0
217 724 1
2517 3108 1
1339 1560 1
3132 1260 0
1299 1964 0
141 144 1
1338 2734 0
2959 1693 0
232 236 0
1090 1608 1
2794 2795 1
1731 1736 1
1740 2082 0
1342 1629 0
3111 2641 0
3156 3159 1
2859 600 0
2256 2871 1
3106 1693 0
1343 3183 0
1957 1681 0
2484 1693 0
2804 1692 0
1557 2734 0
577 3209 1
888 69 0
2437 3286 1
2274 1799 0
2083 1328 1
1107 1090 1
2588 464 0
2354 2808 1
1791 1844 0
514 323 1
2351 3274 1
1903 2050 0
706 390 1
301 68 1
1378 1680 1
648 468 0
1745 429 0
2201 2808 0
3133 600 0
388 788 0
938 941 1
1632 1138 0
2770 2579 0
821 2697 0
1742 1245 0
2517 2367 1
1978 1374 0
1878 1265 1
416 879 1
1101 1864 1
2754 1260 0
483 390 1
673 376 1
2159 2175 1
31 1740 1
553 1951 1
156 699 1
2310 2390 0
488 368 1
2109 2110 1
2430 1260 0
3044 2105 1
3131 1692 0
72 76 0
1411 1225 1
975 564 1
680 934 1
2663 600 0
170 287 1
668 123 1
1471 2734 0
2677 845 0
153 987 0
1314 1406 1
66 1844 0
1066 1171 1
2776 600 0
2143 2142 1
2864 2721 0
67 999 1
88 1850 0
2960 1260 0
67 748 1
1456 1235 1
1032 1260 0
2256 1260 0
3236 2480 1
1708 1158 0
2388 2808 0
1186 1648 1
348 982 1
29 793 1
263 122 1
836 726 0
2647 2275 0
2952 2760 0
2567 2566 1
1972 2121 0
760 484 0
504 510 1
3217 288 0
2948 2503 0
636 973 0
163 252 0
231 681 1
1596 1260 0
2971 2417 1
216 953 0
673 762 1
1564 1110 1
320 245 0
619 390 1
2736 2590 0
385 386 1
1239 780 1
531 791 0
3056 3055 1
541 507 1
2381 3186 1
647 898 1
1918 2114 1
2192 2488 1
2439 1260 0
3112 598 0
1999 1850 1
750 631 1
995 959 0
2762 2808 0
1107 1776 1
373 2463 1
1958 354 1
86 461 1
2847 2849 1
326 1701 1
673 390 1
140 134 0
2833 1693 0
2731 2337 1
486 485 1
642 61 0
144 125 0
1607 600 0
1422 2006 1
1064 795 0
45 751 1
2726 1692 0
1940 2114 0
1244 1941 1
628 811 0
1017 1264 1
1496 1020 1
377 1001 1
2244 26 0
1491 2808 0
869 932 1
1809 1974 1
1069 1211 0
2294 2808 0
106 699 1
171 434 0
3178 600 0
2083 1356 1
2641 3043 1
10 929 0
888 338 1
2346 2734 0
3101 600 0
1793 1487 0
2533 3020 1
735 661 1
3069 1260 0
481 364 1
55 971 1
1331 1268 0
2342 1693 0
212 963 1
82 658 1
240 618 1
732 430 1
2851 2734 0
881 1693 0
2132 2170 0
350 629 1
410 570 1
2138 1844 0
533 78 0
2248 1260 0
2836 1693 0
3209 2393 1
1128 1588 1
178 232 1
1046 1302 1
1121 1674 1
2304 1692 0
2884 598 0
2068 1345 1
2638 218 1
51 516 1
365 439 1
2360 2734 0
2354 3129 0
1243 1505 1
2420 2437 1
2525 1260 0
107 276 1
136 809 1
677 2136 0
1896 1607 1
1484 600 0
775 847 1
262 373 1
2244 2257 0
151 254 0
1031 2003 0
247 202 0
47 778 1
1302 1532 1
3034 3035 1
877 856 1
2283 2696 0
1584 1731 1
419 584 0
296 447 1
2923 2924 1
355 364 1
291 640 1
1875 1693 0
1093 2026 1
15 254 0
108 838 1
1351 1116 0
3200 2832 1
1650 1383 1
2822 1260 0
1434 1260 0
6 20 1
2008 1341 1
2093 1083 1
1055 1963 1
472 822 1
2671 2439 1
2050 1252 0
746 911 0
676 2985 1
791 145 0
1025 1355 0
1159 1880 0
2126 2127 1
35 500 1
104 134 1
135 1337 0
69 372 1
418 453 1
1309 1679 0
2265 1693 0
1406 1364 1
1757 1384 0
40 177 1
1701 2057 1
31 882 1
3308 3309 1
2393 1693 0
575 549 1
2375 3211 0
748 998 1
71 190 1
34 829 1
407 1693 0
364 525 1
1256 1606 0
1150 421 1
1038 1682 1
2940 598 0
1381 2021 0
188 814 1
542 435 0
1670 1844 0
2447 2658 1
585 539 0
2643 2645 1
1624 1965 0
690 691 1
3072 1260 0
3042 2812 0
1628 1949 1
1011 2029 1
2705 2864 1
2225 2398 1
2873 2827 1
2513 2734 0
1774 1260 0
1588 1456 1
86 769 1
1240 1692 0
1778 1260 0
40 411 1
2882 2838 0
1226 1568 1
2605 1693 0
31 2221 0
571 95 1
36 97 1
804 390 1
63 916 1
105 522 1
1153 1342 1
2445 1844 0
1954 1955 0
732 429 1
3180 600 0
452 185 0
3225 2968 1
621 480 0
2147 1260 0
944 258 1
2079 1162 0
2738 1255 0
1120 1206 0
1738 1842 1
3080 738 0
25 683 1
493 242 0
2501 2861 1
180 698 1
28 390 1
867 1984 0
1813 2957 1
903 665 0
194 445 1
1298 1918 1
2223 3171 1
85 619 1
2673 1260 0
2320 2401 1
2865 946 1
2375 600 0
3143 598 0
783 163 0
1260 3129 0
905 1234 1
1374 1062 1
2996 2997 1
234 550 0
704 143 1
1985 1734 1
2713 600 0
2162 2808 0
540 1844 0
834 831 1
656 166 1
3121 1693 0
388 249 1
3284 1844 0
616 3236 1
1049 1844 0
720 1692 0
574 572 1
25 461 1
2413 3113 0
2985 2454 1
247 2767 0
2778 2676 1
3115 2745 1
2617 2618 1
515 985 1
2937 1260 0
2708 1260 0
428 538 0
210 279 1
111 783 0
488 790 1
2891 1260 0
1668 1860 1
888 265 1
61 944 1
2213 1693 0
3085 993 1
1964 1223 1
1604 1606 1
1597 1004 1
186 966 1
3039 1844 0
762 839 0
654 584 0
146 822 1
2688 2409 1
1101 1095 0
1899 48 0
1354 2856 1
669 668 0
1533 421 0
555 338 1
169 396 0
2726 2806 0
2821 2808 0
144 416 1
2955 2503 1
171 843 0
1216 1421 1
2540 3202 1
1193 2112 1
2712 1693 0
460 3159 1
316 116 0
1752 1949 1
1293 1487 0
141 281 0
779 179 1
2108 2107 1
2456 2624 1
217 615 1
324 327 0
1156 1973 0
1173 2948 1
2224 2779 1
779 3028 1
1630 544 0
1033 1561 0
1445 2118 0
475 476 1
205 2734 0
1561 1947 0
453 417 1
3293 600 0
1601 2808 0
5 916 1
437 745 0
1808 1693 0
2039 1693 0
1198 1469 0
1571 2005 0
666 1693 0
1559 1693 0
1058 1396 0
320 737 1
583 526 0
2271 2652 1
193 759 1
788 435 0
2921 2922 1
390 221 1
2757 600 0
135 370 1
3148 3146 1
1461 1243 1
732 876 1
1911 1029 0
3071 3072 1
2531 2711 1
2722 1844 0
1785 1790 0
1357 2082 0
2250 2904 1
620 282 0
2845 976 0
382 364 1
1784 1785 0
3250 1693 0
2168 1851 1
1883 1262 0
2570 1844 0
1605 1462 0
2136 1630 0
1980 2050 1
274 83 1
750 659 1
2184 2306 1
232 305 1
2503 2952 0
1569 1601 1
2253 2808 0
1380 1733 0
2349 2746 0
1508 1659 0
2323 3160 0
450 560 1
265 372 0
2600 600 0
1991 780 1
105 67 1
523 254 0
562 172 0
1688 1083 0
2249 600 0
714 998 0
180 390 1
1009 282 0
1761 1464 1
472 412 0
2671 1693 0
3191 2463 0
1501 1502 1
3008 2093 0
75 667 0
523 390 1
2033 2049 1
379 737 0
1214 1461 0
1088 1219 0
2196 2901 0
2072 1490 0
1174 1425 1
1513 429 0
2529 2530 1
2337 2260 0
2540 3033 1
1331 1693 0
701 799 1
1061 1460 1
1487 2003 1
507 929 0
746 364 1
2234 3054 0
769 2157 1
608 15 0
377 673 1
959 642 0
2898 1260 0
1284 2157 0
1239 1788 1
1479 1661 1
51 318 1
1129 862 1
2210 993 0
2876 1844 0
2629 3262 1
575 698 1
1893 1894 1
3010 1260 0
2748 2808 0
2599 897 0
2520 2808 0
2279 1693 0
2460 3028 1
1297 1725 1
2725 1844 0
2028 2808 0
697 471 1
1916 1617 0
2739 2707 1
793 859 1
1991 179 1
1409 1681 1
634 749 1
3256 2808 0
1628 1753 1
1597 122 0
1465 1684 0
1624 1903 1
775 435 0
304 120 0
237 493 0
824 933 0
1706 1505 0
847 81 1
992 2400 0
280 917 1
762 1990 1
2800 1693 0
1000 105 0
2832 2323 1
3098 2206 0
1687 1551 0
1050 1168 1
2610 1844 0
682 866 0
1778 1844 0
2883 598 0
2335 3200 1
1047 1776 1
569 91 0
1374 1410 1
2273 600 0
3230 3129 0
1386 341 1
1724 278 1
1866 2696 0
2312 3146 0
1673 1958 1
1116 1481 0
1287 1260 0
2687 2689 1
1464 522 1
1998 1999 0
2018 1852 0
95 2923 1
599 598 1
749 304 0
1956 251 1
715 610 1
2494 2278 0
2387 2418 0
2192 1692 0
1483 1693 0
39 489 0
125 473 0
2297 1260 0
54 184 1
868 270 1
1011 1666 0
1511 2134 1
2112 2050 1
2540 2469 1
954 783 0
2139 2165 0
3233 2544 0
32 665 1
1265 1684 0
747 805 1
847 46 1
54 956 1
2861 3180 0
1968 1091 0
1548 1966 1
1839 1844 0
13 2734 0
938 940 1
2942 2915 1
1191 1816 0
238 773 0
1586 1863 0
390 456 1
2869 1260 0
729 320 0
2470 1516 1
3302 2808 0
3103 2545 0
1475 1119 0
2740 1692 0
876 992 1
2881 1693 0
1392 1404 0
2027 1260 0
289 78 0
2807 2806 1
1343 1881 1
3009 1397 0
1054 1260 0
1650 1649 1
186 307 0
779 1998 0
1067 1058 0
524 362 0
589 3129 0
1260 2808 0
2138 1692 0
1045 1955 1
3304 2403 0
1042 1614 0
1523 1167 1
483 702 1
697 224 1
1612 1706 1
2955 2760 1
625 624 1
631 403 1
1689 1908 1
469 586 1
552 327 0
1642 58 0
3032 2477 1
1017 1624 0
1678 686 1
418 1002 1
1977 1375 0
180 572 1
318 390 1
2938 2659 0
390 10 1
2411 2808 0
1782 1567 0
597 87 1
1281 887 1
1643 2160 0
2612 1260 0
1329 1342 0
2553 2402 1
534 533 1
1249 1416 1
2917 598 0
213 396 1
605 993 1
152 683 0
654 214 1
1586 1005 1
827 276 1
1681 1745 0
227 874 0
698 549 1
251 699 1
2193 600 0
2550 1844 0
786 136 0
480 411 0
2948 2954 0
1980 2112 1
3089 2712 1
3298 2734 0
1328 2082 0
2933 600 0
3250 3251 1
228 295 1
918 259 0
2327 1844 0
768 905 1
1381 1260 0
2048 1846 1
2858 2734 0
1722 1345 0
2805 2807 1
400 401 1
790 833 0
2587 3129 0
2457 1693 0
135 715 1
199 2207 0
2372 1260 0
608 168 1
2362 614 1
2381 598 0
3091 600 0
1087 1692 0
1771 1420 0
69 338 1
1294 1506 1
2464 2858 1
2504 2734 0
1303 2808 0
2176 1830 0
906 699 1
1413 1240 1
1705 1470 1
211 330 0
1539 1449 0
1228 1232 0
1386 1566 1
1918 2175 1
339 735 0
570 174 0
1235 1550 1
3055 1693 0
1281 1998 1
3121 2808 0
1224 1772 0
3277 1693 0
2167 1867 0
1223 2099 1
1856 1693 0
1687 1219 0
2252 1260 0
1102 1958 1
475 742 1
2425 1260 0
2581 1844 0
1867 1141 0
1997 1407 0
1737 1583 0
1765 1216 0
196 636 0
573 254 0
366 699 1
634 304 1
194 107 0
345 1260 0
2748 3129 0
2535 2609 0
606 684 0
3110 1693 0
2945 2355 1
1236 1150 1
352 353 1
2064 1239 0
905 1231 1
2508 2215 1
1324 1844 0
956 1894 1
303 180 1
553 839 0
2486 2583 1
2182 2808 0
1896 2051 1
2371 2422 1
1018 1934 0
514 383 1
417 822 1
1683 1324 1
804 439 1
659 660 1
463 827 0
296 967 0
470 550 0
597 259 0
1806 1648 0
732 646 1
180 717 1
2423 2734 0
687 1876 1
390 450 1
2656 2194 1
786 884 0
392 592 1
275 714 0
1042 1615 1
1895 1006 0
1343 403 0
3226 3227 1
1194 1364 0
2220 2808 0
2297 600 0
964 790 0
1920 1111 1
99 931 1
1169 471 1
2532 3020 1
1586 1197 0
815 1844 0
1232 471 1
939 190 0
980 848 1
2235 598 0
1336 1831 1
999 956 1
49 181 0
1504 1932 1
2789 1260 0
592 1568 1
1564 1693 0
1 732 1
2732 2808 0
81 307 0
608 773 1
714 956 1
750 995 0
1371 1190 0
1978 1460 0
1417 1500 1
2622 2808 0
1606 1206 1
775 307 0
3205 3234 1
144 281 1
3268 1692 0
3210 1692 0
660 986 1
2941 2808 0
701 521 1
2343 600 0
34 459 0
534 862 1
1208 600 0
1582 1918 0
460 1006 1
2604 1693 0
1918 1308 1
574 571 0
2678 2382 1
3050 1693 0
2763 1844 0
564 775 1
755 156 0
398 1693 0
22 335 1
868 478 1
859 740 0
643 994 1
1096 1878 1
1588 1235 1
1334 343 0
669 390 1
2030 2090 1
1395 2808 0
751 996 1
2385 769 0
896 772 1
596 980 0
3155 1693 0
1725 1967 1
596 1260 0
2502 2377 1
1300 1954 0
487 488 1
523 234 0
2060 1844 0
1502 1877 1
1494 838 0
149 150 1
591 724 1
1326 1667 1
2674 600 0
1236 1219 1
1084 600 0
247 494 0
1339 1668 0
117 1844 0
991 74 1
1335 1268 0
2108 1692 0
1549 917 0
505 562 1
554 1642 1
802 510 0
2150 2148 1
1127 1613 0
1861 1540 0
1760 600 0
2440 2425 1
2630 2321 1
1821 1322 0
8 478 0
616 748 1
2202 779 1
2219 2391 1
1931 1245 0
452 993 0
1339 1132 0
1973 600 0
604 850 1
1644 1719 1
1620 2734 0
1021 1693 0
2259 2442 1
2683 2684 1
2522 3223 1
920 1005 1
1820 1270 1
1030 1244 1
3172 3304 1
591 326 1
2226 2811 1
691 250 1
11 434 0
374 763 1
1443 1534 1
147 456 1
2308 3271 0
1725 1500 0
942 847 0
2952 2958 0
3046 3278 0
1383 30 0
170 846 1
355 356 1
315 1692 0
364 701 1
2600 3087 0
2639 782 1
2319 2878 1
933 9 0
1179 1995 0
2175 2114 0
994 996 1
3135 1692 0
2509 3301 1
2793 1844 0
145 472 1
1895 1650 0
944 943 1
2681 1260 0
88 1281 1
2241 2691 1
874 3155 1
2637 1260 0
1527 1844 0
28 54 1
951 369 0
661 852 1
2996 2331 1
1473 1304 1
774 1242 0
1737 1735 1
367 39 0
673 839 1
974 1844 0
1598 1004 0
575 699 1
2418 1260 0
2101 2102 1
1582 1853 1
3079 1693 0
369 346 0
1047 1127 1
841 572 1
585 86 1
3088 1844 0
436 307 0
515 848 1
168 773 0
965 612 1
2744 3078 1
2214 976 1
2664 1799 0
1209 592 0
155 156 0
577 965 1
1528 1814 1
1017 978 0
583 527 0
314 643 1
213 169 0
40 148 1
1496 2734 0
1101 1118 1
3271 2808 0
683 291 1
1328 1160 0
712 435 0
3130 317 0
1148 1551 1
926 918 1
2415 711 0
592 1322 0
122 2745 1
566 510 1
2843 1844 0
2774 2293 1
133 323 1
1937 1129 1
731 656 0
1988 1987 1
290 9 0
1882 2101 1
2795 1989 0
119 810 1
2898 600 0
814 786 1
483 706 1
1175 1360 1
1163 1088 0
1357 1976 1
1678 1281 1
2551 3129 0
2319 3046 0
2206 1260 0
2783 41 0
482 439 1
178 228 1
2548 1844 0
2387 2808 0
910 390 1
694 390 1
170 306 1
1918 1276 1
150 1509 1
1811 1230 1
616 571 1
377 376 0
2608 1693 0
3222 2435 0
917 350 0
1503 1704 0
621 624 1
498 643 0
741 307 0
85 390 1
1011 2808 0
2959 1813 0
911 745 1
2111 2110 0
441 1632 0
706 772 1
639 608 1
2590 2178 1
2434 2767 1
2185 3042 0
2739 1260 0
728 1876 0
413 2868 1
23 161 0
638 128 1
153 422 1
769 1876 0
263 840 1
447 256 1
1407 1996 0
1029 1248 1
1391 1844 0
1857 1966 1
1756 1784 1
176 998 1
3191 88 0
1458 1937 0
2301 1260 0
23 143 0
373 374 1
697 699 1
160 596 1
2340 725 1
2655 1692 0
2758 3129 0
1391 1582 1
886 644 0
1543 1326 1
1333 1705 0
2234 3052 1
290 163 1
1068 1515 1
1734 1731 0
879 822 1
438 251 1
2091 646 0
2322 600 0
1501 1877 0
1559 1692 0
1661 1525 1
213 397 1
2660 3129 0
3252 694 0
2325 2595 1
3139 2734 0
106 422 1
2632 2855 0
550 390 1
1020 1693 0
2036 1307 1
2724 2778 1
661 674 1
1836 1755 1
2655 1693 0
88 1998 1
1122 1690 1
687 905 1
1104 3129 0
635 870 1
298 644 0
853 1252 1
2406 1004 0
2114 2094 0
276 580 1
271 612 1
607 2808 0
77 813 1
1758 1757 0
3192 1844 0
2005 2004 0
390 727 1
439 755 1
425 426 1
694 698 1
2716 1844 0
205 2808 0
2023 2094 0
704 563 1
24 903 0
2605 2613 1
2646 3124 1
2846 1692 0
350 917 0
1101 1840 1
281 146 0
389 636 1
2520 2734 0
239 498 1
1613 1190 1
531 188 1
3211 1693 0
608 578 1
1045 2002 1
1406 1737 1
41 418 1
2796 2999 1
2260 2646 0
2435 2443 0
209 643 0
1464 1184 1
2847 1693 0
36 916 1
1024 1260 0
668 390 1
1579 1029 0
1981 1536 0
328 948 1
3256 2806 0
2987 3129 0
2289 1692 0
768 685 0
2016 2808 0
1010 644 1
793 818 1
2931 2492 1
103 364 1
2585 858 0
699 842 1
3005 3006 1
2444 3290 1
154 390 1
1566 1757 0
3302 1260 0
18 847 1
583 612 1
2539 2812 1
1660 1525 0
873 1511 0
3146 3150 1
1556 2808 0
1152 2734 0
3013 3274 1
2252 600 0
733 2699 0
3125 598 0
3113 600 0
1949 1753 1
2833 2808 0
3239 1693 0
3133 2413 1
1588 1550 0
111 690 0
743 19 0
1388 600 0
924 1844 0
2665 441 1
1724 1489 0
3176 2343 1
706 525 0
2168 1633 0
1804 1334 1
1865 600 0
2340 2400 1
3240 1693 0
1422 1916 1
1430 1844 0
1342 1329 0
1147 1874 1
614 1260 0
2055 1341 0
1687 710 0
2263 2959 1
619 700 1
1326 2460 0
2733 1692 0
1624 2032 0
1789 2927 0
1953 1760 1
1304 1570 0
2839 2840 1
620 623 1
2612 1693 0
418 141 1
2471 1844 0
1671 1844 0
481 616 1
3292 1260 0
3035 1693 0
1314 1737 1
2688 2734 0
297 802 1
697 619 0
270 8 0
56 172 1
987 176 1
427 800 0
392 947 0
697 58 1
188 791 1
3029 3129 0
218 3303 1
2835 2370 1
276 555 1
836 837 1
187 436 0
2460 3153 1
723 764 1
135 716 1
1012 2181 1
351 137 0
1034 1693 0
573 257 1
779 882 1
488 489 1
329 916 1
2576 598 0
1637 1977 1
364 483 1
3272 1693 0
260 783 0
3107 432 0
226 642 0
546 875 0
2701 1693 0
2043 1580 1
1242 1860 1
697 275 1
1834 1183 0
2746 3195 1
3097 3182 0
2041 1254 0
597 332 1
3033 3057 1
1831 1004 0
1837 1755 1
3297 2879 1
2698 2591 1
877 662 1
1019 2065 0
10 155 0
51 482 1
847 187 1
146 148 0
17 790 0
3044 2216 1
1068 1226 0
30 1650 1
1248 1911 1
663 64 0
1340 1295 0
176 221 0
1823 1245 0
2458 1693 0
1584 1985 1
107 502 1
2741 1844 0
2612 598 0
1071 1985 1
1427 1545 1
1388 1693 0
534 430 0
149 325 1
2961 3186 1
2749 2808 0
672 215 1
394 941 0
167 608 1
17 663 1
3004 1844 0
2075 2001 0
1510 2808 0
2180 1260 0
488 834 1
982 981 1
1556 1647 1
877 718 1
1801 1531 1
2835 1260 0
1936 1782 0
3254 1260 0
3001 600 0
2697 2808 0
3075 2449 1
2578 2808 0
2334 3290 1
438 179 1
2858 1260 0
2124 2031 0
2571 2570 1
211 208 0
993 1919 0
2461 2857 0
722 787 1
1001 1990 0
69 356 1
364 918 1
1949 1948 1
2848 1260 0
32 686 1
3146 3151 1
2822 2808 0
213 872 1
1448 1602 1
2851 1844 0
2803 2808 0
1262 1320 0
2841 1260 0
389 196 1
1314 1584 1
1479 2012 1
2192 2808 0
2245 2310 1
1326 1662 1
1406 2070 1
1503 1423 0
166 731 1
1247 1330 1
1771 2123 1
1736 1657 1
2936 2734 0
274 916 1
280 288 0
3097 600 0
2861 3036 0
725 218 1
177 230 1
37 182 1
3286 2379 1
1868 3129 0
106 275 1
3233 3232 1
707 709 1
1443 600 0
3001 1260 0
2591 2697 1
1080 1657 1
2493 2854 1
1819 1846 0
470 390 1
1870 1886 0
851 3119 0
144 822 1
784 252 0
1043 1893 1
3159 539 0
297 3169 0
2761 1844 0
3026 3129 0
570 659 1
1086 1480 1
3253 1692 0
542 101 1
1139 1738 0
2644 2808 0
3045 3038 1
2003 1031 0
389 110 0
887 1951 1
3298 1693 0
2043 754 0
2647 3085 1
63 661 1
526 307 0
2427 354 0
1064 1811 1
2907 1260 0
2083 1638 0
1885 1884 1
1678 1198 1
3118 2808 0
2559 1693 0
2776 2267 1
1970 1400 1
1014 1380 1
174 509 1
348 630 1
688 842 0
2867 1844 0
847 984 1
999 699 1
2509 2649 1
638 3046 1
1197 1005 1
51 390 1
1050 1942 1
517 550 0
691 511 1
2796 1844 0
732 533 1
2574 1260 0
364 910 1
588 739 1
1244 600 0
628 753 1
952 423 1
612 488 0
753 853 1
2461 248 0
3239 2808 0
1007 372 1
1951 1458 0
2151 2023 0
3215 2287 1
29 792 1
1053 1406 0
841 688 1
791 814 0
3257 1260 0
733 855 1
501 107 0
2644 1693 0
2165 1138 0
1282 1766 1
697 522 1
470 291 1
574 224 0
2585 2584 1
2879 2808 0
813 339 1
769 1273 1
2357 1844 0
1009 631 1
106 184 1
1531 2765 0
2060 1692 0
1153 1438 0
1980 1542 1
1747 677 1
525 439 1
660 875 1
3032 3259 0
2816 2383 1
2592 1693 0
651 928 1
3021 2654 0
1365 1680 0
240 654 1
575 694 0
730 847 1
69 265 1
1281 1999 1
228 305 1
557 929 0
663 858 1
1873 1919 1
829 2266 0
725 3164 0
1254 2043 1
1811 1900 1
2824 2977 1
481 516 0
1154 2734 0
106 522 1
1668 2053 0
3109 3087 1
2078 1929 1
2361 3159 0
51 439 1
669 699 1
3016 2734 0
1006 1279 0
1541 1266 0
1750 2808 0
2955 3173 1
1230 2097 1
2635 3129 0
1131 1646 1
2672 1260 0
2710 1260 0
330 137 1
433 915 1
1241 1989 1
1037 1042 1
58 702 0
2482 896 0
2770 2586 0
1686 1693 0
1404 1769 0
593 527 0
1344 1926 1
1846 1308 0
2702 2647 1
550 234 0
1588 1589 0
2394 1019 0
1706 1258 1
2661 1693 0
2653 1693 0
2541 2542 1
296 1007 1
2040 600 0
1439 1444 1
2878 3046 1
3259 1844 0
2391 2489 1
1978 1514 0
2646 2337 0
3276 2450 1
1459 1693 0
2578 1867 0
853 2592 0
1236 1860 1
2064 1991 0
388 676 1
1993 2734 0
1480 1260 0
1323 1319 0
1021 1176 1
1538 1029 0
2533 2711 0
857 864 0
34 366 1
2142 1260 0
1583 1731 1
221 219 0
2844 600 0
2912 2453 1
905 2728 1
60 422 0
1409 1745 1
204 957 0
702 414 0
1695 1814 0
3047 600 0
1288 1787 1
2042 1844 0
2064 1921 1
32 697 1
364 244 1
4 588 1
1590 2052 1
987 422 1
1014 1059 1
29 859 1
3167 3168 1
153 275 1
2727 1260 0
199 2734 0
1114 2104 1
2417 600 0
2059 1187 0
883 1693 0
2800 1260 0
40 621 1
952 552 1
3168 2334 0
2468 3033 0
1828 1695 1
745 747 0
390 773 1
631 1003 1
495 659 1
2280 2734 0
1427 1417 0
2495 1693 0
2262 3129 0
242 527 0
1279 1976 1
1034 1665 1
359 279 0
2441 855 1
2081 2161 1
741 435 0
2127 1844 0
2932 2808 0
1717 1729 1
1638 1318 0
22 118 1
208 667 0
1704 1705 1
1822 1367 0
2875 2808 0
1185 1530 1
560 449 0
1866 1248 0
1368 1355 1
31 2812 1
584 386 1
753 695 1
1240 865 1
350 985 1
2465 2813 1
2980 3043 1
2271 2808 0
2106 1751 1
484 436 0
90 1129 0
1203 1432 1
2233 2698 1
249 1693 0
1357 2812 0
1091 1968 0
2361 2556 1
2039 2038 1
65 266 1
1699 1334 1
2307 1693 0
2032 2033 1
1736 1737 1
1434 1693 0
2016 1844 0
1254 1721 1
1303 1518 0
1315 1260 0
1023 2808 0
21 1678 1
2642 1260 0
1215 1423 0
390 880 1
1885 1320 0
501 372 1
1391 1260 0
295 602 1
1337 1870 1
2483 3125 1
802 566 1
2825 3129 0
3258 1560 0
446 3273 1
3008 3009 1
389 756 1
202 385 1
184 714 1
2160 474 0
1846 2001 0
1691 1260 0
453 416 1
135 610 1
296 461 0
1446 1448 1
3083 3082 0
2228 2808 0
778 293 1
709 223 0
105 998 1
1968 1972 1
1755 1834 0
893 703 1
461 265 0
1180 2808 0
839 428 0
2536 2280 1
2467 2734 0
2097 1797 0
2014 2015 1
1306 1692 0
2749 3264 1
259 439 1
1652 1868 1
2348 2548 1
702 244 0
533 430 0
2849 1844 0
233 98 0
1832 1260 0
2366 2247 0
2682 2683 1
3000 1260 0
896 608 1
603 36 0
2773 2783 1
1051 2121 1
1379 1693 0
326 917 1
454 171 0
1479 1362 0
66 2734 0
2153 1800 1
65 1489 0
106 291 1
2462 2908 1
1892 598 0
3065 598 0
2072 1603 0
908 835 0
1952 1112 1
801 62 0
1939 1912 0
591 978 1
390 711 1
866 807 0
2324 3074 1
911 364 1
625 148 0
3193 1260 0
1673 1639 1
2885 2734 0
583 436 0
1349 946 0
668 802 1
722 659 1
2312 1693 0
1521 3255 1
391 799 1
1413 1216 1
1990 600 0
809 814 0
1216 865 1
2064 646 1
362 972 0
2897 600 0
941 1260 0
2891 2299 0
2271 600 0
2921 2808 0
1695 1122 0
1133 1170 0
3148 3150 0
340 2808 0
586 633 0
1721 1057 0
3012 1693 0
2774 1976 0
107 372 1
322 903 0
2621 2620 1
2199 3025 1
477 951 1
1411 1040 0
2902 1693 0
262 471 1
1236 1070 1
3311 1844 0
675 337 1
1015 1236 1
1193 1548 1
2604 2766 1
489 39 0
1678 2278 0
2612 2808 0
987 748 1
1980 1143 1
1977 1974 1
409 847 1
1836 1835 1
6 64 1
579 636 0
2587 1260 0
882 295 1
3093 2806 0
431 925 1
2832 2295 1
534 562 0
290 33 0
1494 201 1
40 660 1
2503 2958 0
108 173 1
1454 2053 0
796 425 0
2446 2810 0
828 34 1
2090 1260 0
69 655 0
352 354 1
2667 3244 1
3181 1692 0
1267 278 1
3096 3097 1
1367 1923 0
233 221 0
970 260 0
2521 2557 1
1253 57 1
3267 3266 1
2045 600 0
1267 182 0
1481 1498 0
2339 974 1
2613 1260 0
616 54 0
291 364 0
1544 873 0
1679 1040 1
3127 1844 0
1187 1260 0
804 911 1
2151 1918 1
1071 1732 0
262 541 1
136 814 1
50 800 0
1585 1473 0
2434 600 0
2437 672 1
1776 1425 0
170 520 1
1451 2808 0
93 800 1
2104 1247 0
697 748 1
2534 2535 1
2531 2532 0
1386 1844 0
1707 1063 1
2343 1844 0
1825 1949 0
1921 2161 1
677 867 1
252 157 0
585 626 0
2880 2734 0
2008 1185 0
3240 2435 1
1037 1679 1
1724 1247 0
2828 3129 0
2533 2532 0
1700 2808 0
1081 1248 0
2812 471 1
1425 1769 0
3102 1844 0
1236 1242 1
1202 1841 1
621 625 0
1281 2073 0
2640 162 0
879 198 0
1416 1431 1
607 849 1
1282 1740 1
880 441 1
1241 2795 1
3073 1844 0
3237 3238 1
2807 598 0
37 310 1
2106 873 0
725 876 1
94 445 1
2652 1693 0
1965 1903 1
2707 2982 1
30 1991 1
3125 2485 1
517 439 1
3185 402 1
2693 2734 0
2767 806 1
2728 3174 1
1577 201 0
2202 609 0
1420 2260 1
1374 1177 1
1520 1692 0
1109 1401 1
69 276 1
2137 1211 1
1744 1733 1
2650 2660 1
2232 2540 1
1047 1613 1
1637 1181 1
1901 1300 1
701 155 0
952 164 1
1571 2109 0
847 186 1
1024 1844 0
1851 1531 0
1083 1390 1
2974 3077 1
1763 2734 0
2991 1844 0
2496 1693 0
2328 3153 1
319 788 1
1388 1983 1
173 838 1
1449 1260 0
1747 867 1
2460 828 1
668 701 1
2 1692 0
1888 1693 0
1010 886 1
1203 780 1
2637 2734 0
1505 1461 0
1095 1552 0
185 3267 1
1564 1565 1
2815 2808 0
1376 1001 0
1995 1997 1
2191 1693 0
2315 1693 0
100 551 0
3288 2734 0
3209 1857 0
723 264 1
926 927 1
1198 2073 0
2773 3129 0
2282 2441 0
2503 2954 0
410 174 1
2149 780 1
293 169 1
419 822 0
477 399 0
1892 1260 0
1101 2132 1
479 600 0
705 1770 0
352 2407 0
699 275 0
2523 1844 0
2220 600 0
2870 1844 0
27 393 1
3233 2808 0
1440 1939 0
1484 1346 1
42 488 1
1738 2734 0
41 1002 0
149 1509 1
2333 1260 0
1107 1200 1
2941 598 0
3302 2734 0
952 4 0
2831 2808 0
2979 1693 0
2300 2808 0
569 488 1
2795 1514 0
1297 1417 0
110 584 1
802 471 1
2195 2209 1
335 455 0
178 236 1
810 246 1
2048 2001 0
917 978 1
7 1001 1
1566 1758 0
1943 1692 0
316 622 1
3298 2743 1
315 314 1
901 580 0
2773 418 0
609 828 1
2936 2869 1
184 28 0
1750 600 0
1160 2083 1
1878 1603 1
596 753 0
36 274 1
3065 3067 1
141 453 0
2101 2100 0
2777 2272 1
506 843 1
857 345 1
1868 2734 0
2026 1977 1
1727 1764 0
1898 1692 0
2243 3175 0
502 755 1
1594 1692 0
300 453 0
106 442 1
708 390 1
996 484 0
1168 2096 1
1417 1427 0
2611 2612 1
3285 2808 0
1291 1344 1
12 508 1
2178 2476 0
391 254 0
355 483 1
441 2447 1
1081 1141 1
751 752 1
215 2420 0
2018 1295 1
2447 2657 1
181 187 0
2361 3255 1
2008 1436 0
3134 2413 0
2005 2110 1
3123 1698 1
120 503 0
1604 1206 1
868 44 1
678 1984 1
1281 1951 0
2539 31 0
2083 1637 1
1286 2658 0
158 583 1
1423 1542 1
1232 797 0
2954 2958 0
2346 3226 0
597 439 1
857 863 1
12 1741 1
2969 3006 0
1338 2050 0
565 2808 0
3151 3148 0
631 980 1
386 932 1
2433 1693 0
858 20 0
1609 2132 0
2619 600 0
3026 600 0
2002 1452 1
3294 2495 1
914 592 0
591 217 1
2195 600 0
244 390 1
1875 1988 1
1127 57 1
2816 1844 0
222 2734 0
2862 2932 1
2582 3129 0
572 549 1
1315 1810 1
461 296 0
625 621 0
769 1231 1
3279 972 1
390 98 1
166 139 0
891 887 0
2767 3272 1
233 420 1
1116 1498 0
336 390 1
2322 2232 0
1590 1589 1
3261 3263 1
865 1421 0
2618 2285 0
711 929 0
890 1844 0
1251 1236 0
997 1693 0
637 1701 0
1653 1237 1
1234 2157 0
183 3043 0
1912 1150 1
995 986 1
1316 1923 0
732 218 1
1042 1679 1
3112 1693 0
280 350 1
2765 1528 1
469 275 1
2054 2145 1
1151 1960 1
2167 1141 0
414 702 0
1891 1125 1
2302 1260 0
634 819 1
980 990 1
3109 1693 0
83 893 0
1691 1815 1
1059 1744 1
1497 1260 0
942 729 0
209 1260 0
2550 3004 1
2426 3119 0
3040 905 1
2106 1544 0
2847 1260 0
2530 283 0
382 391 1
2991 1260 0
617 63 0
1932 1260 0
1728 1260 0
584 389 1
395 293 0
2818 2819 1
2828 3219 1
481 1004 1
285 374 0
1264 1284 1
2170 2133 0
743 979 1
3116 600 0
958 598 0
3074 1844 0
1982 1983 0
2651 2994 1
3205 217 0
1865 1260 0
350 515 1
673 517 1
1243 1158 0
3278 3201 0
2433 1260 0
2681 1844 0
429 1512 1
1312 3166 0
1723 1528 1
1185 1870 0
2438 2711 1
3277 2771 1
545 544 1
3306 3302 1
394 938 1
2626 2808 0
1289 2034 1
711 437 1
1374 2035 1
1012 1238 0
2265 2204 1
140 2734 0
2989 2988 1
168 413 0
1445 1058 0
30 505 1
832 1260 0
1737 1657 1
2384 1260 0
77 735 1
2230 3269 1
105 699 1
2221 2513 1
7 1004 1
339 77 0
698 349 0
1318 1638 0
633 422 1
889 1693 0
1218 1124 0
651 986 1
3103 3104 1
3015 471 1
2276 626 1
2003 1955 0
3014 3169 1
1408 1721 0
661 274 0
1254 2041 0
2432 3094 0
60 586 1
1082 600 0
2720 3169 0
2908 2808 0
2690 1260 0
715 370 0
2212 2423 1
464 739 1
33 1260 0
80 269 1
1866 2167 1
950 488 1
3071 1693 0
1139 1842 1
392 914 1
1293 1260 0
3201 3278 0
705 2260 0
2429 3155 1
96 997 1
1 153 1
2934 3270 1
1317 1108 1
2798 3243 1
827 463 0
3200 2323 0
2556 3255 1
573 697 0
665 727 1
1053 1692 0
677 1984 1
475 558 1
769 263 1
1918 1739 1
813 735 1
1834 1838 1
778 872 1
3299 2734 0
1046 1286 1
592 615 1
450 451 1
754 782 1
1663 600 0
1766 1741 0
2771 1692 0
845 32 1
1537 1394 1
597 244 0
424 426 1
2625 1693 0
469 422 1
1120 1606 1
2324 3175 1
1864 1095 1
1230 1514 1
1219 1058 0
2471 2980 0
1966 1859 0
299 648 1
1722 2069 0
3015 373 1
2716 2717 1
67 1000 1
643 809 0
1312 2593 1
559 195 0
920 1004 1
2794 1241 0
115 671 1
1103 600 0
2742 1260 0
280 324 1
987 956 0
1368 1414 1
234 390 1
917 327 1
594 187 0
1168 1581 0
358 359 1
1987 2808 0
57 157 1
2586 781 0
696 1844 0
955 612 1
935 750 0
1601 1692 0
1944 1470 1
1174 1200 1
600 64 0
2383 2808 0
1092 1626 0
1553 1554 1
441 645 1
1078 1371 1
285 445 1
1416 769 0
106 998 1
263 426 1
185 3043 1
64 569 1
2350 2793 1
343 3129 0
979 731 1
747 364 0
364 517 1
3198 3199 1
911 747 1
13 250 1
203 735 0
153 748 1
2131 2130 0
607 2734 0
2586 2584 1
1755 1838 0
1489 1863 1
1243 1258 0
364 259 1
1374 1218 0
2628 1844 0
2866 1693 0
1783 1471 1
1204 1693 0
980 659 1
150 917 1
2641 3111 0
1831 1863 0
1336 1554 0
2062 2808 0
1902 1521 0
1514 1979 1
1181 2013 0
1561 1363 0
1120 1256 1
383 838 1
3247 2734 0
507 254 0
429 289 0
2753 2734 0
1450 1260 0
1110 2734 0
549 904 0
1595 1596 1
113 382 1
954 737 1
441 1531 1
1359 1736 1
407 600 0
1731 1985 1
723 814 1
2283 2808 0
2538 2309 1
891 3174 0
30 1239 1
2421 600 0
3191 905 1
1604 1105 0
1208 1260 0
387 649 1
1622 1924 0
2932 1693 0
1406 1736 1
1012 2031 1
53 23 0
1851 3009 1
708 709 1
387 434 1
2929 1844 0
2577 1844 0
291 462 1
1583 1736 1
295 771 1
2937 1693 0
2864 3286 1
1145 1716 1
31 2082 1
1614 1773 1
611 613 1
1576 1567 0
661 948 1
2249 2797 1
1770 2123 1
1629 2734 0
822 419 0
219 929 0
2031 1290 0
914 24 0
2274 3127 1
3162 3028 1
1540 1807 0
0 691 1
288 3205 0
2973 2808 0
1562 2734 0
1546 1844 0
2196 55 1
176 999 0
130 2556 0
2280 2808 0
3144 2283 1
2024 1058 1
279 3005 1
2296 2734 0
2064 2065 1
416 207 0
748 275 0
631 620 1
847 526 1
114 63 0
1106 1132 1
303 390 1
556 2266 1
1977 1181 0
2183 3156 1
2856 2751 1
3190 3129 0
1096 1490 1
56 1492 1
1656 2154 0
2375 3071 0
2582 600 0
1062 1177 0
1597 1598 1
1881 404 0
3265 3000 1
1189 1583 1
987 999 1
820 158 0
2657 1046 0
3 120 0
2243 2324 1
1332 1980 0
2892 2300 1
469 633 1
202 654 1
16 145 1
631 988 1
674 836 0
328 661 1
2338 3059 1
1141 1538 0
1618 2002 0
2338 1692 0
2137 1844 0
1291 1926 0
1312 1493 1
927 317 0
935 788 1
2780 1844 0
2012 1879 1
146 281 0
1847 1915 0
1356 2061 1
2024 1801 1
2068 2069 1
2930 2419 1
2142 2144 1
2201 1844 0
68 1260 0
1812 2263 0
1395 3129 0
487 42 1
893 892 0
2400 725 1
445 291 1
1607 1260 0
658 317 0
0 99 1
2989 1260 0
3265 1693 0
2135 1316 0
302 746 1
801 782 0
405 401 1
268 701 0
2890 1693 0
2753 1708 1
24 127 1
1791 1414 0
160 227 0
3291 172 0
1254 1787 1
569 955 0
2497 600 0
2859 1260 0
1022 1693 0
775 46 0
3027 3026 1
2897 1693 0
1439 1891 1
1988 1693 0
1713 1712 0
2831 2307 1
1609 1643 0
759 598 0
2926 1693 0
15 221 0
2240 1693 0
31 3028 1
262 272 1
1080 1658 0
2887 598 0
450 449 1
1733 1495 1
356 745 1
564 536 1
506 721 1
1036 1260 0
94 374 1
2196 972 0
1589 1149 1
3087 600 0
1474 2065 1
67 616 1
390 15 1
258 943 0
34 180 1
733 734 1
828 1667 1
962 3151 1
2694 600 0
3095 3182 1
3178 2808 0
2208 1844 0
145 412 0
1933 855 0
153 522 1
963 2131 0
418 412 0
2742 1122 1
2765 1255 0
226 986 1
422 1899 1
1668 1560 1
496 160 0
2990 2734 0
3095 3096 1
58 554 1
9 202 1
750 986 1
530 2734 0
1921 780 1
1819 2048 1
202 584 1
1017 1549 1
2559 1260 0
951 399 1
1310 1483 1
1942 1254 0
1908 1166 1
570 211 0
1479 1525 0
200 582 1
2036 1475 1
1291 2808 0
2025 1749 0
1380 1591 1
386 618 0
760 847 1
1014 1744 1
1857 1859 1
556 257 1
971 524 1
905 2668 0
1188 1739 0
2140 2734 0
39 488 1
697 698 1
2285 2615 1
3170 3129 0
2401 3303 0
1747 678 1
3063 2808 0
2112 1966 1
1782 1935 1
1579 2105 1
1569 1304 0
51 364 1
235 739 1
272 827 1
3187 3166 0
2837 1844 0
3117 3111 0
216 684 1
357 296 0
264 764 0
69 355 1
1293 1844 0
2072 1878 1
529 526 0
668 268 1
2551 1693 0
103 550 0
2855 185 1
2149 646 1
1961 1963 0
1881 1260 0
2109 2112 0
1420 705 1
2603 2271 1
1972 2160 1
348 38 0
1465 1878 1
2523 1260 0
2549 1693 0
219 681 1
931 952 0
492 988 0
2628 2380 1
1231 2157 1
633 956 1
2559 2734 0
665 728 1
3006 2550 0
3224 1693 0
1364 1658 0
3303 876 1
1481 1116 0
473 822 1
282 226 0
208 659 1
1104 1693 0
1407 1409 0
2334 2444 0
1730 1192 1
3101 1693 0
2167 1693 0
2669 1234 0
1707 1229 1
2157 1234 0
2195 1693 0
1742 1823 0
2647 2210 0
2299 2442 0
1056 1260 0
41 141 0
767 473 1
3086 1260 0
1080 1406 1
738 464 0
1010 919 1
1408 1172 0
3166 1312 0
1235 1749 1
932 584 0
1918 2095 1
2889 2820 1
2187 2666 1
673 538 1
2274 1222 0
384 108 0
1623 1817 1
353 354 1
180 842 1
2252 3310 1
552 637 1
1937 1212 1
904 694 0
2298 3023 1
170 848 0
22 303 1
700 98 0
506 181 0
245 1009 1
1465 1096 0
88 266 1
3118 1692 0
2147 1069 0
2460 1543 1
1383 471 1
850 287 0
1592 1594 1
2317 2457 1
1729 1627 1
1822 1130 1
1941 1370 0
3075 1692 0
1704 2080 1
1714 2686 1
2490 1260 0
2111 2006 0
3015 3169 1
3101 3102 1
1428 600 0
1577 1087 1
2292 2969 1
1066 2808 0
569 612 1
1292 1854 1
390 702 1
668 439 1
348 848 1
3296 2050 0
928 986 0
1922 1260 0
156 906 0
3002 2527 1
1193 2111 0
390 155 1
686 1469 1
1037 1309 1
3040 770 1
1369 2083 1
668 699 1
1545 80 1
763 427 1
2299 2253 1
979 986 0
847 121 0
2378 2683 1
1945 1886 0
493 237 0
3178 1693 0
853 811 0
149 637 1
561 123 0
2142 1844 0
760 307 0
1398 1400 0
11 945 1
541 471 1
3289 1260 0
2428 1692 0
2328 1667 1
3013 821 1
3172 2403 1
1851 2995 1
2352 1692 0
2595 1693 0
197 898 1
3142 1844 0
1395 1313 1
593 594 0
2384 1693 0
2769 1693 0
593 484 0
1286 1125 1
354 2586 1
625 230 1
2983 1844 0
2226 2341 1
1111 600 0
106 748 1
1221 600 0
400 916 1
37 79 1
2394 1844 0
2086 1260 0
2553 2785 1
1643 1609 0
3051 2510 1
1151 2049 1
1592 1692 0
1991 1664 1
349 220 0
364 550 1
159 3130 0
1227 2792 1
3266 1693 0
483 918 1
3107 855 1
2603 2602 1
825 321 1
716 2381 1
2193 1431 1
2859 1693 0
2310 3125 1
673 364 1
590 216 0
2156 1072 1
155 906 0
1523 1779 1
381 713 1
541 3015 0
1234 1231 0
1820 1259 1
2836 2358 1
2426 1693 0
1237 1693 0
2120 1260 0
2811 2341 0
3068 600 0
2186 2734 0
1165 2066 1
1979 1978 1
2370 1693 0
3008 1851 0
28 422 1
1085 1844 0
778 921 0
2955 2958 1
598 1693 0
1790 2022 1
2390 301 0
663 682 0
3107 2840 1
1038 1107 1
2129 212 0
1645 961 0
2790 1260 0
1214 1994 1
784 290 1
635 491 1
1326 3153 0
834 833 0
2646 855 0
390 364 0
723 847 1
634 295 1
2782 1260 0
2199 3166 0
3240 2443 1
987 522 1
2916 1844 0
1705 1916 1
547 253 1
1523 1260 0
51 438 1
3052 3053 1
28 987 1
188 786 0
1031 1487 1
755 664 0
686 905 1
1109 600 0
1736 1735 1
2696 3144 1
1417 1725 1
901 1004 1
1170 2654 0
847 996 1
1176 1607 0
108 383 1
953 381 0
2137 2147 1
2657 1902 0
701 698 1
1389 2808 0
405 3183 0
2133 2132 0
1402 1928 0
1467 600 0
3141 1260 0
1821 1568 0
1928 2022 1
1853 1918 1
542 791 1
1916 853 1
2993 1844 0
2841 2842 1
1749 1550 0
1540 1541 1
2246 1693 0
263 283 1
732 65 0
2213 3258 1
3096 3182 1
2497 2492 0
2946 600 0
917 288 1
2231 1692 0
53 1693 0
2012 2010 1
24 952 1
2855 2632 0
65 152 1
1223 1713 1
370 1337 1
1913 600 0
622 174 0
3202 2469 0
1151 1301 1
2883 3240 1
1019 1743 1
3191 2670 0
3220 600 0
1794 1930 0
939 938 1
243 328 0
265 508 0
3027 2734 0
979 980 1
2168 441 1
2914 1693 0
661 643 1
297 122 1
407 2808 0
1183 1836 1
2731 2808 0
1406 2135 1
22 599 1
2712 1692 0
1981 2034 1
1278 2020 1
923 83 0
2251 2958 0
11 202 0
1617 1820 1
1804 1699 1
2333 2500 1
697 571 1
3141 1693 0
3116 1260 0
2347 2860 1
1075 179 1
1195 1406 0
621 230 1
390 744 1
813 916 1
2758 2808 0
183 605 1
2537 2808 0
3185 2864 1
971 362 1
315 2806 0
3208 1844 0
643 663 1
130 37 0
1828 2139 1
669 251 1
595 916 1
826 912 1
571 904 0
1798 1844 0
2171 2172 1
516 408 1
554 830 1
863 165 1
698 904 1
1574 1280 1
2025 1463 0
773 238 0
146 144 1
797 122 0
1760 1693 0
1460 522 1
2246 3035 1
2914 1260 0
496 596 1
1265 1096 0
2199 3187 0
483 525 1
360 361 1
2505 3129 0
2165 2244 0
1679 1411 1
288 217 0
1013 1427 1
752 996 1
1133 2169 1
531 532 1
2513 2665 0
510 127 0
240 110 0
1159 1287 1
2910 1260 0
2751 1354 0
1961 1066 1
1802 1693 0
1241 1230 0
2985 2808 0
1210 1818 1
1759 1946 1
1087 1260 0
1031 1645 1
2207 185 0
276 265 0
2830 1692 0
481 390 1
139 19 0
3203 2540 0
861 281 1
2776 1693 0
1241 1979 0
1557 1260 0
1000 554 1
1172 1710 1
154 291 1
41 2783 0
2868 1844 0
360 125 0
2781 3129 0
2515 3133 1
926 253 1
1076 1078 1
1870 1871 0
137 351 0
1897 1896 0
355 244 0
1264 1642 0
1650 179 1
1431 2236 0
3267 2855 0
417 144 0
1045 1705 1
3024 1692 0
313 661 1
2585 2770 0
367 368 0
1460 1218 1
1689 2176 1
1745 1269 1
1292 1844 0
2120 1381 0
55 3279 1
2486 1260 0
355 390 1
325 324 0
1346 1693 0
1937 1850 1
1345 1844 0
3300 1260 0
3062 2734 0
53 1260 0
1546 1547 1
1717 1627 0
911 910 0
1703 2049 1
2629 2721 1
392 1568 0
1969 905 1
1803 1260 0
727 929 0
1874 1743 1
108 2125 1
2149 1374 1
1674 1482 1
1262 421 1
3093 897 1
2699 2441 1
605 713 0
472 497 0
1731 1680 1
1880 1693 0
3020 937 0
1116 1255 0
282 620 0
2491 2264 0
276 581 1
1324 2808 0
34 699 1
1381 1162 1
1723 2105 1
712 847 1
2561 2877 1
3136 2808 0
1884 1646 0
847 785 1
1463 2052 1
2757 1260 0
2044 1222 1
697 459 1
1903 2033 1
2463 2669 1
2983 2454 1
2372 600 0
3260 3261 1
1972 1091 1
865 1675 0
315 661 0
143 239 0
517 525 1
25 357 1
276 463 1
661 916 1
2336 1693 0
2817 2808 0
2745 2588 1
2972 2808 0
2289 1260 0
30 471 1
1999 887 1
1792 598 0
1513 1172 0
2768 3129 0
2204 2762 1
384 838 1
2885 1693 0
2405 2785 1
303 899 0
2052 1455 0
3043 183 0
745 805 1
1363 1946 1
2292 358 0
85 698 1
3214 3213 0
2777 1260 0
356 291 1
2417 2734 0
2752 1693 0
769 1416 0
1178 1870 1
1372 1904 1
1537 2808 0
2663 2664 1
2365 3285 1
263 344 1
3193 2294 1
445 374 1
309 704 0
3239 2772 1
1500 1013 0
2285 2616 1
2624 3228 1
2131 600 0
1199 127 0
2622 2859 1
2888 1693 0
2440 600 0
587 1260 0
1488 1645 1
3131 1693 0
389 334 1
2731 600 0
19 208 0
6 682 1
155 15 0
509 847 1
242 847 1
518 99 0
2904 1844 0
1105 1693 0
1175 1905 0
686 2669 1
1083 1196 1
936 937 1
1417 1499 0
2218 3194 1
324 637 1
1150 1242 0
2044 1807 0
1051 1253 1
1282 646 1
2122 2077 0
918 253 0
3227 1692 0
1589 1588 0
2455 861 1
429 601 1
1960 2049 0
1698 2826 0
1404 1090 1
1080 1731 1
889 890 1
589 691 0
2942 598 0
944 986 0
2832 3161 1
2106 2096 0
3309 598 0
247 933 1
2009 1772 1
2189 2634 1
764 396 0
659 877 1
1372 1693 0
770 510 0
104 140 1
2649 3301 0
297 1282 0
896 842 1
1061 1218 0
1416 2157 1
381 684 1
1554 1336 0
1409 429 1
750 712 1
3232 1693 0
2079 1517 1
738 3080 0
317 15 0
2925 600 0
1787 1654 1
145 542 1
1683 1839 0
1797 1191 0
116 174 0
302 439 1
610 319 0
21 680 1
1378 1380 1
2422 3140 0
276 902 1
685 266 1
624 40 0
2829 2458 1
2028 2040 1
1813 2955 1
3244 2465 0
2080 1344 0
945 387 0
272 887 1
321 1260 0
1172 305 0
1399 1398 0
362 55 0
888 276 1
687 769 1
86 262 1
1390 1551 0
69 505 1
1494 383 0
1140 1218 0
1697 1693 0
2983 1260 0
3051 2270 1
2527 1260 0
363 221 0
40 847 1
1006 780 1
639 168 0
3142 2769 1
142 137 0
704 752 1
639 640 1
1385 2174 1
3123 2048 0
716 2961 1
1457 1550 1
434 506 1
311 3044 0
1406 1732 1
3037 1829 1
573 547 1
2830 1844 0
2503 2760 0
2103 1143 1
2798 2808 0
330 659 1
2161 1419 0
746 805 1
2653 1260 0
6 663 1
2860 1336 0
1514 1727 1
336 221 0
3280 2330 1
149 326 1
22 701 0
754 801 1
2068 600 0
736 737 1
1661 1086 0
103 272 1
1567 1576 0
2335 3247 1
1704 1453 0
1415 1476 0
346 753 0
473 467 0
763 825 1
1209 1748 1
276 471 1
762 1001 1
892 1260 0
1555 1556 1
1921 1419 1
3226 1260 0
2335 1693 0
2058 2104 0
1973 2808 0
547 572 1
2499 2191 1
2564 1692 0
776 600 0
1896 1021 0
490 747 0
2981 1260 0
2654 1170 0
2880 1260 0
2768 1844 0
2363 1693 0
3092 1844 0
1610 1260 0
2240 3116 0
191 529 0
1210 1206 1
3158 1858 0
772 976 0
757 193 0
1056 1161 1
176 390 1
1473 1260 0
417 125 0
2210 1229 0
1759 1363 1
1489 2401 0
2852 2853 1
643 814 1
2296 2763 1
2006 2004 0
2983 2986 1
1685 1076 0
3136 598 0
1519 1848 0
2559 3120 1
2302 2284 1
56 3291 1
570 492 1
2989 1844 0
3042 2185 0
326 324 1
3003 1260 0
1448 1361 0
2874 2972 1
1046 1532 1
2112 2111 1
2324 2507 0
38 893 0
124 1693 0
674 72 1
2963 2834 1
2583 352 1
2694 2505 1
2112 2006 1
122 797 0
1515 1209 0
136 786 0
64 91 1
64 643 1
2001 1252 0
1469 2073 0
516 291 1
2707 715 0
3005 2550 1
2483 301 0
348 643 1
3189 1692 0
1731 1732 1
884 519 0
1000 956 1
2227 1260 0
1174 1404 1
1574 2734 0
1721 1919 1
26 424 0
1128 1589 1
106 54 0
414 254 0
1794 795 1
1407 1681 1
1273 1454 1
1378 1744 1
2893 2734 0
2295 3200 0
1439 1478 1
647 197 1
3023 1844 0
1802 762 0
744 447 1
2887 1260 0
2665 2745 1
194 372 1
1389 1146 1
1490 1709 1
2696 1867 1
3260 600 0
483 189 1
644 919 0
397 395 1
3 634 1
1341 2056 1
1439 1083 1
978 1624 0
2400 876 1
2471 2734 0
2792 2623 1
2954 2760 0
329 114 1
1017 1284 0
1892 2808 0
3275 2410 1
1406 1923 1
2606 2607 1
1933 1765 0
1252 2049 1
46 181 0
1150 1507 1
1478 1723 0
391 189 1
2087 2086 1
1828 1634 1
1730 1142 1
152 154 0
597 390 1
2653 2808 0
3080 2242 0
329 274 0
899 335 0
2336 3119 1
2875 600 0
1889 1926 0
1776 1775 1
840 923 0
1158 1461 1
2760 2954 0
1236 774 1
2519 2254 1
2703 2721 0
232 295 1
138 847 1
2339 1693 0
2036 1119 1
98 699 1
1918 1619 0
783 415 0
1965 2033 0
802 754 1
3309 1693 0
1125 1690 0
2103 600 0
2600 1693 0
725 992 1
568 970 0
2045 3129 0
2788 1844 0
1675 1848 0
1073 179 0
2714 1844 0
410 116 1
3139 1260 0
880 1633 0
2206 2675 1
694 291 1
1318 1977 0
2870 2224 0
806 247 1
2247 3189 1
2151 2148 0
820 260 0
703 500 0
541 122 0
3273 598 0
1394 867 0
2786 1692 0
2614 2617 1
2954 2952 0
1379 1462 1
28 633 1
2344 2456 1
3199 1693 0
735 916 0
1061 1374 1
1709 1455 0
1101 2133 1
390 772 1
2492 1693 0
2721 3262 0
28 522 1
986 959 1
2758 3063 1
291 482 1
1406 1822 1
3023 1693 0
2045 1693 0
1511 1229 0
236 295 1
814 984 0
1422 1215 0
3077 1693 0
3274 1859 1
349 574 1
435 187 0
2354 1693 0
823 1693 0
3011 1260 0
1144 3044 0
155 699 1
1466 2045 1
2575 3163 1
779 88 1
2371 377 1
1013 1058 0
481 318 1
1575 1844 0
3176 3129 0
1463 2025 0
1473 1569 1
191 847 1
1827 1709 0
88 887 0
1388 1437 1
2804 2524 1
2009 1224 1
800 763 1
1409 305 0
2008 1530 1
1142 2734 0
1672 1083 0
1406 1715 1
386 654 0
1043 1138 1
692 2994 0
1639 1102 0
295 305 0
2960 1693 0
1795 1164 1
2137 1069 1
1348 1965 1
1651 1931 0
2130 2129 1
1013 1545 1
1038 1536 1
1120 1210 1
2378 3129 0
668 616 1
2118 774 1
3167 3290 1
917 325 1
2500 3129 0
834 964 1
1019 1354 1
2596 378 1
2593 3166 1
1520 1260 0
2026 1637 1
2101 2808 0
235 1322 0
910 234 0
364 523 1
1418 1260 0
1918 1917 1
2039 2808 0
2841 3129 0
1140 1124 0
2691 2808 0
2903 1844 0
28 48 1
51 355 1
5 949 1
1811 2097 0
390 929 1
1019 609 1
1015 1439 1
59 847 1
1787 1052 1
802 127 0
704 734 0
1553 1260 0
2133 2170 0
2049 1702 0
2206 3099 1
1125 1046 0
2198 1260 0
3305 1170 0
2934 2308 1
3259 2734 0
543 2336 0
1176 1897 1
852 908 1
2431 1260 0
1062 1726 0
2738 2408 1
334 636 0
2024 1445 1
691 651 1
895 1693 0
791 101 0
2554 1260 0
35 643 1
999 616 1
2614 2619 1
183 3117 1
891 924 1
2919 1692 0
1819 2049 0
17 368 0
351 354 1
717 688 0
1521 1532 0
852 565 1
861 654 0
165 857 0
2733 3195 1
1904 1693 0
2306 1844 0
2051 1393 0
553 2791 1
1401 2808 0
338 276 0
2466 608 0
1436 2008 0
1094 1108 0
287 494 0
1767 1844 0
2659 600 0
804 747 1
1760 1292 0
806 933 0
3041 2415 1
691 111 0
1508 421 0
2638 876 1
2219 3151 1
2093 1397 1
158 568 1
847 848 0
1262 1646 1
1031 1872 1
896 450 1
37 444 1
779 1664 1
648 2865 1
659 631 0
1137 1964 1
1886 1097 1
1269 1693 0
3231 3058 1
2974 600 0
3235 2810 0
404 405 1
1059 1733 1
878 1260 0
1823 3262 1
214 860 1
3243 1844 0
3088 2272 0
732 31 1
2561 3201 0
2568 600 0
1582 2078 1
319 875 0
2918 1260 0
438 437 1
947 392 0
3013 1858 1
1918 2148 1
1709 2054 0
1060 1693 0
166 907 0
210 91 0
2002 1470 1
183 452 1
1268 2120 1
1224 1706 1
1016 2138 1
2518 2846 1
673 553 1
513 1844 0
3048 2734 0
2318 2734 0
1744 1380 0
2678 2396 1
3309 1260 0
2929 2867 1
3188 2247 1
1919 993 0
1640 1810 1
1380 1406 1
1249 522 1
1236 1659 0
1713 1711 0
1852 1295 1
1109 1100 0
1728 1085 1
159 504 1
2286 2295 0
2550 2734 0
1247 2104 0
774 880 1
1377 1692 0
1248 1924 0
634 602 0
685 592 1
3106 2428 1
3043 2909 1
626 86 1
994 752 1
1269 2808 0
2104 218 1
729 436 0
2649 1692 0
1295 1257 0
486 138 1
1970 1971 1
106 714 1
236 305 1
89 548 1
301 2310 0
1181 1638 1
2636 2635 1
280 112 0
2554 2255 1
590 159 0
1181 1356 0
372 265 0
1650 567 1
1366 1191 0
96 1844 0
1347 1499 0
967 256 0
1476 1025 0
150 637 1
106 999 1
2092 1693 0
584 240 1
1980 1470 1
253 439 1
817 144 0
558 1844 0
2375 3214 1
3149 3147 1
1545 1417 0
3017 1260 0
631 226 1
333 787 0
2534 3125 1
311 283 1
581 338 1
1044 1274 1
1480 1479 1
405 2134 1
980 847 1
2455 2851 1
918 439 1
1257 1295 0
1241 2794 0
1556 2734 0
2010 2011 1
815 1260 0
1248 1910 0
1539 2734 0
1679 1442 0
2839 3107 0
471 1220 0
2763 2734 0
122 2588 0
1644 1844 0
2082 1160 0
2270 2510 0
525 244 0
1460 1774 0
2306 2261 1
148 230 1
779 1279 1
2020 1693 0
530 2730 0
1836 1838 1
1035 1054 0
2026 1318 0
313 312 0
492 493 1
819 749 0
506 847 1
178 295 0
3061 2734 0
57 1981 1
2896 2734 0
3001 3307 1
432 1420 1
2655 2690 1
127 797 0
2978 1693 0
1633 645 1
1018 1254 0
863 865 1
2251 3173 1
1379 1074 1
3191 2669 1
63 274 1
2169 3021 0
3150 3148 0
1239 1282 0
2759 1260 0
2586 2770 0
187 307 0
879 530 1
687 2385 0
868 308 1
3304 1260 0
1177 1410 0
3198 2808 0
1273 1714 1
986 642 1
387 650 1
225 2734 0
2687 2409 0
88 1999 1
242 435 0
1507 1508 0
1691 1993 1
1043 1498 0
1009 320 1
2379 2437 0
2680 1693 0
1565 1563 0
2257 3207 1
2993 3311 1
1885 1883 1
93 763 1
2189 2303 1
1624 978 0
1678 1469 1
2509 1692 0
710 1533 1
404 693 1
2876 2734 0
2812 2082 0
1046 1521 1
1461 1505 0
597 702 0
1781 1774 1
2042 1283 1
1872 961 0
792 740 0
1065 1093 1
501 1004 1
1446 600 0
329 661 1
311 2529 1
1848 1205 1
1065 2027 1
1342 1516 1
2569 3129 0
329 949 0
1055 1962 1
1596 1693 0
684 969 1
626 2843 1
1223 1712 1
661 835 1
574 95 1
1688 2808 0
1933 1675 1
1980 2033 1
648 946 0
789 738 1
1820 1669 1
2953 2950 1
333 659 0
844 1693 0
1236 1067 1
2622 1260 0
2553 2405 1
868 632 1
826 436 0
1673 354 0
1065 2026 0
1430 600 0
2465 2711 1
176 830 1
1343 404 1
2967 1844 0
2579 354 1
1132 1668 0
3049 2734 0
1421 1765 1
2777 3088 1
1918 2094 1
2287 2808 0
2251 2503 0
2156 1260 0
808 643 1
1854 1260 0
1896 1693 0
2821 2268 1
405 403 1
1488 1487 0
1036 1485 1
1651 1823 1
1404 1200 0
554 275 0
2129 963 1
1038 1200 0
674 726 0
2616 2614 1
1798 2108 1
622 410 1
388 1844 0
530 416 0
660 211 0
2035 1062 0
1045 1980 1
1541 1182 1
1922 1300 0
441 2765 1
868 14 1
2072 1827 1
22 699 1
697 34 1
2269 3071 1
531 119 0
1978 1352 0
1848 1849 1
2402 2785 1
3070 1693 0
1797 1514 0
2832 3160 1
843 847 1
515 630 0
105 180 1
1285 2112 0
444 278 1
172 1934 1
444 374 1
76 1693 0
291 590 1
2121 1972 0
2231 2808 0
268 669 0
2488 2808 0
1000 275 1
1107 1404 1
3028 3153 0
1865 1271 1
1727 1241 0
1346 2808 0
809 643 0
58 302 1
2482 2943 1
109 983 0
929 219 0
3162 79 1
1461 1214 0
2864 2379 0
178 1844 0
1309 1040 1
3082 1692 0
3021 2166 1
697 184 1
1492 2734 0
1807 2847 1
2320 2638 1
1360 1905 1
2456 3228 1
2536 1692 0
1554 1693 0
3033 2468 0
1129 1850 0
2628 1693 0
1158 1214 1
2496 2734 0
1045 1704 1
813 2799 0
3242 1693 0
1446 1377 1
2590 600 0
733 751 0
947 378 1
1406 1316 1
1873 1663 1
1031 1488 1
1524 1057 0
2305 2810 0
1052 1654 0
274 735 1
1515 1748 1
14 544 1
2580 2586 0
2280 1260 0
2665 3080 1
1093 1637 0
565 1693 0
1789 1780 0
159 291 1
259 702 0
1207 1539 1
2291 1693 0
914 2651 1
1728 1729 1
3202 3204 0
643 807 1
1292 1260 0
500 892 1
3102 1692 0
1816 2097 0
218 876 0
1985 1657 0
